VEHICLE_ID;BONNET_CODE;REGISTRATION_NUMBER;TIME_OF_DATA;BASE_VERSION;BLOCK_NUMBER;TRIP_ID;LBSL_TRIP_NUMBER;TRIP_TYPE;CONTRACT_ROUTE;LAST_STOP_SHORT_DESC;SCHEDULE_DEVIATION;LONGITUDE;LATITUDE;EVENT_ID;DURATION;
15235;OPL04;YJ62FVT;2015/02/19 18:11:18;20150213;103067;79067;78;3;463;24743;-180;-0.15314;51.36757;0;;
14691;VLP18;PJ53OUN;2015/02/19 18:11:52;20150213;68052;82398;101;3;292;OC204;-220;-0.25523;51.64329;0;;
15784;OT15;YJ11EHX;2015/02/19 18:11:53;20150213;71202;403866;245;3;H37;15225;0;-0.32822;51.47039;0;;
14970;ADE37;YX62BXR;2015/02/19 18:11:47;20150213;71256;911783;127;3;81;17150;-300;-0.49546;51.47899;0;;
15519;OT10;YJ11EHS;2015/02/19 18:11:17;20150213;71147;339870;76;2;203;33528;0;-0.35464;51.47122;0;;
14968;ADE36;YX62BXF;2015/02/19 18:11:23;20150213;71113;898320;167;3;120;16286;220;-0.36695;51.47216;0;;
15506;ADE56;YX62BJF;2015/02/19 18:11:25;20150213;116170;142304;196;3;220;8870;-1570;-0.21404;51.46474;0;;
14698;VLP26;PJ53OVA;2015/02/19 18:11:51;20150213;68057;57059;98;3;292;14803;-630;-0.27807;51.61137;0;;
15233;OPL02;YJ62FUG;2015/02/19 18:12:04;20150213;103084;312041;48;3;470;7594;110;-0.19456;51.37382;0;;
15244;OV05;YJ60KGK;2015/02/19 18:11:52;20150213;103025;91516;94;3;411;29567;190;-0.37927;51.40032;0;;
15790;OT16;YJ11EHZ;2015/02/19 18:11:43;20150213;71145;339809;81;3;203;BP2451;-110;-0.42248;51.46721;0;;
15245;OV06;YJ60KGN;2015/02/19 18:11:30;20150213;103201;305215;43;3;465;BP3092;-1040;-0.35038;51.28242;156;;
15508;ADE58;YX62BJZ;2015/02/19 18:11:59;20150213;116166;143282;184;3;220;8923;-1060;-0.23710;51.53187;0;;
14703;SP123;YR59FZE;2015/02/19 18:11:45;20150213;91061;692461;209;3;65;15714;-100;-0.30292;51.44495;0;;
14975;ADE40;YX62BXZ;2015/02/19 18:11:13;20150213;71111;896649;163;3;120;8412;240;-0.38262;51.49925;0;;
14966;DE81;SK07DYM;2015/02/19 18:11:41;20150213;44111;655882;333;3;72;33739;620;-0.23956;51.44507;0;;
15237;OPL06;YJ62FXA;2015/02/19 18:11:53;20150213;-2147483645;-2147483645;-2147483645;7;470;BP3679;-2147483645;-0.17866;51.41657;0;;
15234;OPL03;YJ62FVN;2015/02/19 18:11:33;20150213;103081;311534;50;3;470;BP5549;-260;-0.24874;51.34567;0;;
14963;ADE33;YX62AHE;2015/02/19 18:12:01;20150213;71272;884191;180;3;H98;4457;-230;-0.39651;51.47581;0;;
15240;OV01;YJ60KGA;2015/02/19 18:12:04;20150213;103024;91362;83;3;411;19380;50;-0.35576;51.40055;0;;
14965;DE80;SK07DYJ;2015/02/19 18:12:04;20150213;44256;668472;143;3;C1;7819;-60;-0.14866;51.49183;0;;
15236;OPL05;YJ62FWB;2015/02/19 18:11:44;20150213;103083;311967;43;2;470;OC43;0;-0.26978;51.33306;0;;
15232;OPL01;YJ62FUD;2015/02/19 18:11:59;20150213;103086;278480;47;3;470;17561;-480;-0.18807;51.40008;0;;
14701;SP121;YR59FZC;2015/02/19 18:12:02;20150213;91259;394252;140;3;391;3015;-1540;-0.21628;51.49336;0;;
15247;OV08;YJ60KGP;2015/02/19 18:11:18;20150213;103202;305308;45;3;465;16746;-670;-0.31143;51.35662;0;;
15238;OPL07;YJ62FXG;2015/02/19 18:11:34;20150213;103082;311555;46;3;470;BP3679;-140;-0.17956;51.41445;0;;
15514;OT8;YJ11EHP;2015/02/19 18:11:58;20150213;71207;402382;228;3;H37;2792;190;-0.34747;51.47251;0;;
15246;OV07;YJ60KGO;2015/02/19 18:11:51;20150213;103206;308185;54;3;465;BP3215;-160;-0.32441;51.26416;0;;
14699;VLP27;PJ53OVB;2015/02/19 18:11:37;20150213;68269;1295418;185;3;183;15918;-520;-0.20911;51.57969;0;;
14689;VLE38;PO54ACY;2015/02/19 18:11:09;20150213;68080;1223629;156;3;114;27860;0;-0.42158;51.57227;0;;
15505;SP166;YT10UWB;2015/02/19 18:11:29;20150213;71313;619168;189;3;222;1813;100;-0.48091;51.54789;0;;
14694;VLP22;PJ53OUV;2015/02/19 18:11:28;20150213;68075;1223573;153;3;114;12883;-120;-0.28389;51.59689;0;;
15242;OV03;YJ60KGF;2015/02/19 18:09:27;20150213;-2147483645;-2147483645;-2147483645;7;465;BP5683;-2147483645;-0.26172;51.34531;0;;
15239;OPL08;YJ62FXK;2015/02/19 18:11:36;20150213;103085;278459;45;3;470;OC493;0;-0.20530;51.34755;0;;
15507;ADE57;YX62BJU;2015/02/19 18:11:37;20150213;116155;194006;193;3;220;BP5759;-1520;-0.21471;51.47569;0;;
14971;ADE38;YX62BXU;2015/02/19 18:11:36;20150213;71253;913394;121;3;81;16335;-560;-0.37188;51.46886;0;;
14960;ADE32;YX12GHU;2015/02/19 18:11:17;20150213;71311;630219;185;3;222;16389;230;-0.47397;51.51468;0;;
14690;VLE39;PO54ACZ;2015/02/19 18:11:22;20150213;68083;1219044;145;3;114;29079;-490;-0.34926;51.56980;0;;
14974;DLE12;SN60EBO;2015/02/19 18:12:00;20150213;15435;278410;82;3;423;35288;-240;-0.41576;51.46874;0;;
14967;ADE35;YX62ARZ;2015/02/19 18:11:26;20150213;71310;617537;183;3;222;BP2255;40;-0.47061;51.50690;0;;
15509;SP167;YT10UWD;2015/02/19 18:12:04;20150213;71077;167722;150;3;H32;27890;80;-0.38106;51.48665;0;;
15510;SP168;YT10UWF;2015/02/19 18:11:18;20150213;71076;167717;148;3;H32;16202;-90;-0.38576;51.47452;0;;
14692;VLP19;PJ53OUO;2015/02/19 18:12:05;20150213;68056;56687;96;3;292;OC164;0;-0.26262;51.64682;0;;
14962;DE79;SK07DYH;2015/02/19 18:11:59;20150213;116409;83770;93;3;440;BP610;-530;-0.27471;51.53435;0;;
14702;SP122;YR59FZD;2015/02/19 18:11:52;20150213;91007;211560;483;3;281;R0698;-750;-0.30225;51.41033;0;;
14973;DE83;SK07DYO;2015/02/19 18:11:44;20150213;44263;673895;125;3;C1;11195;-2780;-0.20351;51.49736;0;;
14969;DE82;SK07DYN;2015/02/19 18:11:36;20150213;44126;631309;312;2;72;BP2422;-1470;-0.25143;51.51986;0;;
14695;VLP23;PJ53OUW;2015/02/19 18:11:24;20150213;-2147483645;-2147483645;-2147483645;7;183;R0798;-2147483645;-0.19411;51.57180;0;;
15241;OV02;YJ60KGE;2015/02/19 18:12:02;20150213;103204;307108;50;3;465;BP5683;-2147483645;-0.31322;51.35061;0;;
14964;ADE34;YX62AOE;2015/02/19 18:11:48;20150213;71259;914504;130;3;81;14074;-870;-0.56218;51.49972;0;;
14688;VLE37;PO54ACX;2015/02/19 18:12:03;20150213;68084;1224121;159;3;114;33771;890;-0.24896;51.61338;0;;
14696;VLP24;PJ53OUX;2015/02/19 18:11:27;20150213;68078;1223607;154;3;114;R0213;-80;-0.38800;51.55708;0;;
14972;ADE39;YX62BXY;2015/02/19 18:11:20;20150213;71309;630166;181;3;222;17655;160;-0.45673;51.48959;0;;
15516;SP170;YT10UWH;2015/02/19 18:11:54;20150213;71053;1142989;172;3;111;29172;-30;-0.45852;51.48099;0;;
15511;SP169;YT10UWG;2015/02/19 18:11:29;20150213;71046;1147175;154;3;111;19586;-800;-0.35486;51.41139;0;;
15253;MCL01;BW03ZMZ;2015/02/19 18:11:51;20150213;103107;969123;47;3;X26;36004;-760;-0.15247;51.36769;0;;
14985;DE89;SK07DYW;2015/02/19 18:11:42;20150213;44484;300508;96;2;419;BP2634;-170;-0.30449;51.45944;0;;
15260;MCL14;BN12EOW;2015/02/19 18:11:31;20150213;103105;968934;60;3;X26;14179;-610;-0.17374;51.36322;0;;
14983;DE87;SK07DYU;2015/02/19 18:11:54;20150213;44275;17549;594;3;272;11338;-1100;-0.25814;51.49560;0;;
15525;OT12;YJ11EHU;2015/02/19 18:12:05;20150213;71205;402150;224;2;H37;BP4948;-120;-0.36225;51.47063;0;;
15530;OT14;YJ11EHW;2015/02/19 18:11:50;20150213;71212;402501;235;3;H37;BP3087;-530;-0.28949;51.46733;0;;
14987;DE91;SK07DYY;2015/02/19 18:11:59;20150213;44260;673856;140;3;C1;11166;-1720;-0.19680;51.49619;0;;
14712;ADE4;YX12FNK;2015/02/19 18:11:07;20150213;71251;913419;140;3;81;16388;10;-0.38218;51.47169;0;;
14986;DE90;SK07DYX;2015/02/19 18:11:13;20150213;44122;668915;335;3;72;24994;-2147483645;-0.22031;51.50325;0;;
14976;ADE41;YX62BYG;2015/02/19 18:11:44;20150213;71112;888361;165;3;120;16280;-210;-0.36382;51.47664;0;;
14984;DE88;SK07DYV;2015/02/19 18:11:55;20150213;44273;17977;599;3;272;34089;-1550;-0.26844;51.47828;0;;
15534;SP199;YR10FGF;2015/02/19 18:11:32;20150213;-2147483645;-2147483645;-2147483645;7;H91;R0876;-2147483645;-0.26643;51.49265;0;;
14713;ADE5;YX12FNL;2015/02/19 18:11:44;20150213;71104;890279;158;3;120;25265;20;-0.37546;51.51597;0;;
15248;OV09;YJ12PKV;2015/02/19 18:12:00;20150213;103022;90146;85;3;411;19568;-40;-0.31322;51.41068;0;;
14980;DLE15;SN60EBV;2015/02/19 18:11:57;20150213;15323;246863;118;2;H22;BP1993;0;-0.36740;51.46851;0;;
14988;SDE11;SK07HLM;2015/02/19 18:12:04;20150213;116410;83853;95;3;440;BP751;-110;-0.26419;51.52799;0;;
15252;OV13;YJ12PLF;2015/02/19 18:12:04;20150213;103205;307225;52;3;465;BP2830;-440;-0.32800;51.32506;0;;
15262;MCL16;BN12EOY;2015/02/19 18:11:31;20150213;103102;968785;58;3;X26;27387;-2147483645;-0.30292;51.40950;0;;
15263;MCL17;BN12EOZ;2015/02/19 18:11:43;20150213;103101;187646;54;3;X26;37323;-1010;-0.43591;51.47946;0;;
15251;OV12;YJ12PKZ;2015/02/19 18:12:05;20150213;103021;89622;90;3;411;R0894;-840;-0.33740;51.40656;0;;
14981;DE85;SK07DYS;2015/02/19 18:11:01;20150213;-2147483645;-2147483645;-2147483645;7;C1;29941;-2147483645;-0.20150;51.49360;0;;
14979;DLE14;SN60EBU;2015/02/19 18:11:44;20150213;15436;291252;84;3;423;R0234;-230;-0.48114;51.48241;0;;
14710;SP124;YR59FZF;2015/02/19 18:11:40;20150213;91006;274854;481;3;281;20786;-270;-0.32911;51.42729;0;;
14714;LT138;LTZ1138;2015/02/19 18:11:20;20150213;44214;883414;202;3;148;29907;-1260;-0.15582;51.50961;0;;
14715;LT139;LTZ1139;2015/02/19 18:11:46;20150213;44204;872174;193;3;148;4741;0;-0.11508;51.50019;0;;
14982;DE86;SK07DYT;2015/02/19 18:11:45;20150213;44119;629287;323;3;72;15240;-1470;-0.23732;51.47251;0;;
14716;LT171;LTZ1171;2015/02/19 18:11:59;20150213;60082;844783;164;3;10;11195;-3530;-0.20284;51.49772;0;;
14705;ADE2;YX12FNH;2015/02/19 18:11:43;20150213;71257;911818;131;3;81;BP5037;-300;-0.58457;51.50702;0;;
14711;ADE3;YX12FNJ;2015/02/19 18:12:00;20150213;71103;889168;156;3;120;20406;-100;-0.37882;51.50514;0;;
15255;MCL09;BN12EOR;2015/02/19 18:12:02;20150213;103104;968815;56;3;X26;19484;-440;-0.37792;51.43612;0;;
14708;LT166;LTZ1166;2015/02/19 18:11:47;20150213;60085;845248;170;3;10;126;-2090;-0.20105;51.49831;0;;
14718;ADE7;YX12FNN;2015/02/19 18:11:54;20150213;71110;889329;161;3;120;19033;-160;-0.38039;51.50314;0;;
15524;SP198;YR10FGE;2015/02/19 18:11:16;20150213;15386;1145024;150;3;H91;BP1501;170;-0.23620;51.49301;0;;
15249;OV10;YJ12PKX;2015/02/19 18:11:37;20150213;103023;90171;92;3;411;19379;-120;-0.34591;51.40161;0;;
14709;DE71;SK07DXW;2015/02/19 18:11:08;20150213;91188;691860;170;3;371;33731;0;-0.31770;51.43506;0;;
15526;SP172;YT10XBV;2015/02/19 18:11:50;20150213;71047;1142078;156;3;111;1357;-390;-0.36247;51.41351;0;;
14978;DLE13;SN60EBP;2015/02/19 18:11:53;20150213;15437;291143;80;3;423;BP2285;10;-0.35733;51.46980;0;;
15254;MCL08;BN12EOP;2015/02/19 18:11:49;20150213;103109;969967;53;3;X26;35287;-220;-0.40613;51.45284;0;;
15520;OT11;YJ11EHT;2015/02/19 18:11:44;20150213;71206;403191;226;3;H37;1778;20;-0.35576;51.47028;0;;
15250;OV11;YJ12PKY;2015/02/19 18:11:51;20150213;103203;307018;47;3;465;4477;-460;-0.30785;51.40397;0;;
14706;DE109;YX60CAA;2015/02/19 18:12:01;20150213;91193;690937;175;3;371;16242;170;-0.28993;51.46721;0;;
15258;MCL12;BN12EOU;2015/02/19 18:11:59;20150213;103106;968799;62;3;X26;SL34;-410;-0.09963;51.37782;0;;
14707;LT155;LTZ1155;2015/02/19 18:11:46;20150213;60077;843204;179;3;10;673;-340;-0.13724;51.52528;0;;
15521;SP171;YT10XBU;2015/02/19 18:11:39;20150213;71050;1147194;166;3;111;16215;-80;-0.36024;51.47640;0;;
15256;MCL10;BN12EOS;2015/02/19 18:11:39;20150213;103108;968950;49;3;X26;1789;-940;-0.25120;51.38453;0;;
14717;ADE6;YX12FNM;2015/02/19 18:10:43;20150213;71306;629616;175;3;222;16334;-100;-0.38822;51.47369;0;;
15529;OT13;YJ11EHV;2015/02/19 18:11:56;20150213;71208;403241;230;3;H37;15223;90;-0.32800;51.46898;0;;
15257;MCL11;BN12EOT;2015/02/19 18:11:14;20150213;103103;967907;51;3;X26;R0653;-540;-0.30941;51.41127;0;;
15006;MCL4;BD11LWR;2015/02/19 18:11:24;20150213;71141;333992;78;3;203;25981;40;-0.39986;51.47404;0;;
15000;ADH27;YX62FFB;2015/02/19 18:11:43;20150213;60006;1145400;195;3;27;3614;-1390;-0.21404;51.49407;0;;
14722;LT140;LTZ1140;2015/02/19 18:11:40;20150213;44209;875668;192;2;148;256;0;-0.09314;51.47381;0;;
14998;ADE44;YX62BZE;2015/02/19 18:11:55;20150213;71116;898353;159;3;120;15961;-360;-0.37703;51.50891;0;;
15268;DD05;SK07DZE;2015/02/19 18:11:34;20150213;103501;84233;73;3;418;11739;0;-0.28031;51.37947;0;;
15274;DD11;SN11BVG;2015/02/19 18:11:17;20150213;103503;87493;65;3;418;OC61;-3180;-0.26687;51.33200;0;;
14724;LT125;LTZ1125;2015/02/19 18:11:09;20150213;44205;880697;195;3;148;26065;-110;-0.09806;51.49171;0;;
15545;SP200;YR10FGG;2015/02/19 18:11:49;20150213;15385;1146497;145;3;H91;20412;20;-0.22657;51.49383;0;;
15264;DD01;SK07DZA;2015/02/19 18:11:39;20150213;103504;84372;70;3;418;27358;-1280;-0.30426;51.40361;0;;
14456;TA208;SN51SYG;2015/02/19 18:11:37;20150213;49220;1067161;184;3;57;341;-30;-0.19142;51.41574;0;;
15821;SP101;YT59SGZ;2015/02/19 18:11:43;20150213;91051;693081;208;3;65;15051;440;-0.29329;51.47110;0;;
15818;ADE66;YX62BPF;2015/02/19 18:11:56;20150213;116174;141904;186;3;220;HF020;-1610;-0.22411;51.50420;0;;
15819;LT170;LTZ1170;2015/02/19 18:11:52;20150213;60064;831450;260;3;9;11222;-2147483645;-0.17866;51.49972;0;;
14999;ADH26;YX62FDY;2015/02/19 18:11:33;20150213;60016;1158569;211;3;27;81;2790;-0.19344;51.50090;0;;
14721;SP125;YR59FZG;2015/02/19 18:11:38;20150213;91182;690969;177;3;371;35887;0;-0.29150;51.45767;20;;
14729;DPS661;LG02FGJ;2015/02/19 18:11:40;20150213;91206;684223;172;3;33;15896;-140;-0.33426;51.43895;0;;
14462;LT87;LTZ1087;2015/02/19 18:11:40;20150213;60058;818639;201;3;9;126;-2190;-0.20127;51.49819;0;;
14455;ADE1;YX12FNG;2015/02/19 18:12:03;20150213;71314;628677;174;3;222;17634;-470;-0.48136;51.54389;0;;
15817;ADE65;YX62BNV;2015/02/19 18:11:33;20150213;116171;141880;200;3;220;0;-2147483645;-0.19478;51.45744;0;;
15266;DD03;SK07DZC;2015/02/19 18:11:52;20150213;-2147483645;-2147483645;-2147483645;7;467;15731;-2147483645;-0.27650;51.35827;0;;
15811;ADE62;YX62BMV;2015/02/19 18:11:37;20150213;116158;194029;201;3;220;8882;-20;-0.21739;51.47911;0;;
14458;TA210;SN51SYJ;2015/02/19 18:11:43;20150213;49213;1066304;183;3;57;18725;-610;-0.19433;51.41963;0;;
15551;LT82;LTZ1082;2015/02/19 18:11:53;20150213;60073;839466;171;3;10;36512;-2150;-0.13209;51.52752;0;;
15279;SP31;YN08DHX;2015/02/19 18:11:47;20150213;71109;896211;157;3;120;14890;250;-0.39113;51.53576;0;;
14457;TA209;SN51SYH;2015/02/19 18:11:42;20150213;49203;1066035;175;3;57;12802;-500;-0.13053;51.43000;0;;
15277;SP29;YN08DHU;2015/02/19 18:11:15;20150213;-2147483645;-2147483645;-2147483645;7;482;WK;-2147483645;-0.39942;51.46344;0;;
14731;LT168;LTZ1168;2015/02/19 18:11:58;20150213;60086;852400;197;3;10;14703;1980;-0.15314;51.50302;0;;
14732;LT174;LTZ1174;2015/02/19 18:11:21;20150213;60075;839491;175;3;10;36512;-880;-0.12762;51.52858;0;;
15541;SP175;YT10XBY;2015/02/19 18:11:30;20150213;71073;171733;142;2;H32;33528;190;-0.35464;51.47110;0;;
15546;SP176;YT10XBZ;2015/02/19 18:11:45;20150213;71041;1146561;163;3;111;16192;70;-0.37546;51.45414;0;;
15003;ADH28;YX62FFG;2015/02/19 18:11:58;20150213;60027;1145404;185;3;27;25069;-650;-0.13859;51.52634;0;;
14994;DE70;YX11GCZ;2015/02/19 18:11:08;20150213;68309;767053;138;3;251;27971;-50;-0.26598;51.60136;0;;
14723;LT167;LTZ1167;2015/02/19 18:11:41;20150213;60081;844766;162;3;10;126;-4140;-0.20038;51.49854;0;;
14730;DE93;SN10CAV;2015/02/19 18:12:04;20150213;44110;655758;329;2;72;33739;120;-0.24001;51.44460;139;;
15271;DD08;SK07DZH;2015/02/19 18:11:45;20150213;103501;84231;68;3;418;R0700;-2070;-0.30046;51.41209;0;;
15269;DD06;SK07DZF;2015/02/19 18:11:45;20150213;103505;85255;67;3;418;BP3431;-2130;-0.26687;51.33636;0;;
14460;TA212;SN51SYR;2015/02/19 18:12:04;20150213;49201;1067947;181;3;57;1785;-710;-0.18090;51.41657;0;;
14454;TA207;SN51SYF;2015/02/19 18:11:51;20150213;49159;241598;186;3;131;17618;-100;-0.19568;51.41940;0;;
15816;ADE64;YX62BNO;2015/02/19 18:11:36;20150213;116152;189223;185;3;220;29584;-2040;-0.19187;51.45838;0;;
15276;DD13;YX61FYR;2015/02/19 18:12:03;20150213;103095;96540;24;3;467;OC58;-2147483645;-0.26755;51.34107;0;;
14461;SP120;YR59FZB;2015/02/19 18:11:45;20150213;91018;214704;490;3;281;R0124;80;-0.34568;51.44107;0;;
14463;TA215;SN51SYU;2015/02/19 18:11:42;20150213;91268;395068;146;3;391;11253;-200;-0.20575;51.48912;0;;
15536;SP174;YT10XBX;2015/02/19 18:11:37;20150213;71057;1144543;157;3;111;16216;-500;-0.36046;51.47652;0;;
14993;ADE42;YX62BYJ;2015/02/19 18:11:32;20150213;71301;629577;176;3;222;34892;-500;-0.48158;51.52245;0;;
15820;SP100;YT59SGY;2015/02/19 18:11:18;20150213;91003;209025;475;3;281;15569;-190;-0.34747;51.45379;0;;
14733;DLE3;SN60EBA;2015/02/19 18:11:55;20150213;71211;403831;236;3;H37;16351;20;-0.30314;51.46168;0;;
14997;ADE43;YX62BYK;2015/02/19 18:11:59;20150213;71262;915055;136;3;81;3419;-530;-0.43613;51.48076;0;;
15267;DD04;SK07DZD;2015/02/19 18:11:51;20150213;103511;86323;73;3;406;BP2793;-200;-0.25971;51.36510;0;;
15272;DD09;SK07DZJ;2015/02/19 18:11:55;20150213;103509;85403;71;3;406;BP3943;-530;-0.25747;51.33848;0;;
15005;ADE45;YX62BZS;2015/02/19 18:12:04;20150213;71115;898346;160;3;120;16148;-350;-0.38464;51.53941;0;;
15822;SP102;YT59SHJ;2015/02/19 18:11:16;20150213;91063;704706;213;3;65;FW1;70;-0.30090;51.41527;0;;
15275;DD12;SN11BVH;2015/02/19 18:11:34;20150213;103512;86825;74;3;418;BP3417;-1050;-0.26396;51.35120;0;;
15812;ADE63;YX62BMY;2015/02/19 18:11:13;20150213;116157;194023;195;3;220;BP5759;-1080;-0.21493;51.47581;0;;
15823;SP103;YT59SHV;2015/02/19 18:11:32;20150213;91010;211625;489;3;281;11462;30;-0.29799;51.39089;0;;
14451;TA204;SN51SYA;2015/02/19 18:12:00;20150213;49225;1047641;169;3;57;36915;-1730;-0.12739;51.43777;0;;
15270;DD07;SK07DZG;2015/02/19 18:11:57;20150213;103507;86742;69;3;418;BP3429;-1050;-0.26687;51.33954;0;;
15561;LT84;LTZ1084;2015/02/19 18:11:41;20150213;60047;828933;228;2;9;20983;0;-0.11508;51.51291;0;;
15281;SP33;YN08DHZ;2015/02/19 18:11:21;20150213;71023;1146542;161;3;111;14116;-390;-0.37591;51.45367;0;;
15835;SP115;YR59FYW;2015/02/19 18:11:47;20150213;91001;274184;498;3;281;BP5045;370;-0.35464;51.47098;0;;
15009;DPS701;SN55HKD;2015/02/19 18:11:42;20150213;44483;297814;97;3;419;16239;-270;-0.29665;51.46545;0;;
15563;DPS724;SN55DVT;2015/02/19 18:11:50;20150213;71131;1145211;78;3;110;26226;-150;-0.36449;51.44130;0;;
15018;OT3;YJ11EHK;2015/02/19 18:11:52;20150213;71201;401839;243;3;H37;15220;0;-0.32262;51.45826;0;;
15015;DPS704;SN55HKG;2015/02/19 18:11:52;20150213;44114;651919;345;3;72;BP5005;130;-0.22277;51.49242;0;;
14747;DE96;SN10CBO;2015/02/19 18:11:48;20150213;44264;669283;129;3;C1;126;-1690;-0.20038;51.49842;0;;
15282;SP34;YN08MRU;2015/02/19 18:11:29;20150213;71260;915032;132;3;81;17153;-920;-0.52412;51.48370;0;;
14749;DLE7;SN60EBG;2015/02/19 18:12:00;20150213;71271;897612;178;3;H98;9115;-460;-0.38509;51.47263;0;;
15022;SP16;YN08DEU;2015/02/19 18:11:57;20150213;15361;283411;82;3;482;BP5141;0;-0.46793;51.45920;0;;
15560;TA284;LG02FEH;2015/02/19 18:12:05;20150213;49226;1047652;180;3;57;LG67;-660;-0.20351;51.41881;0;;
15013;DPS688;SN03LFD;2015/02/19 18:11:36;20150213;49252;911205;134;3;K2;BP272;-1950;-0.29464;51.41068;0;;
14467;TA219;SN51SYY;2015/02/19 18:11:46;20150213;49221;1065148;179;3;57;4495;-960;-0.17553;51.42081;0;;
14742;ADE9;YX12FNP;2015/02/19 18:11:29;20150213;71261;914693;134;3;81;BP2475;-430;-0.51270;51.47982;0;;
14477;TA225;SN51SZU;2015/02/19 18:11:09;20150213;49169;243893;174;3;131;10038;-1020;-0.28702;51.40915;0;;
15827;SP107;YT59DYX;2015/02/19 18:11:36;20150213;91062;692484;187;3;65;19032;-2000;-0.30583;51.51209;0;;
14740;DE95;SN10CBF;2015/02/19 18:11:47;20150213;44262;669228;123;3;C1;126;-3430;-0.20217;51.49784;0;;
15824;SP104;YT59SFF;2015/02/19 18:11:40;20150213;91005;211488;479;3;281;27351;-650;-0.33538;51.42623;0;;
15287;SP160;YP59OEV;2015/02/19 18:12:02;20150213;60475;1129647;230;3;E3;15369;-300;-0.26508;51.50243;0;;
15019;OT4;YJ11EHL;2015/02/19 18:12:02;20150213;71214;405310;241;3;H37;15212;-110;-0.31076;51.45532;0;;
15833;SP113;YR59FYU;2015/02/19 18:11:57;20150213;91008;275499;485;3;281;R0698;-290;-0.30247;51.40986;0;;
14465;TA217;SN51SYW;2015/02/19 18:11:46;20150213;49209;1066262;191;3;57;16737;-90;-0.26150;51.41692;0;;
15837;SP117;YR59FYY;2015/02/19 18:11:53;20150213;91012;211690;476;3;281;34254;540;-0.28053;51.38076;0;;
15834;SP114;YR59FYV;2015/02/19 18:11:50;20150213;91033;698504;164;3;71;25572;-1600;-0.30583;51.36322;0;;
14468;LT89;LTZ1089;2015/02/19 18:11:37;20150213;60062;821597;209;3;9;27497;-840;-0.19792;51.49913;0;;
14745;ADE10;YX12FNR;2015/02/19 18:11:48;20150213;71114;898335;169;3;120;BP5085;190;-0.35464;51.47110;0;;
15567;DPS725;SN55DVU;2015/02/19 18:11:38;20150213;71281;898647;185;3;H98;16333;-340;-0.39471;51.47534;0;;
15825;SP105;YT59DXY;2015/02/19 18:11:52;20150213;91011;207186;491;3;281;34254;60;-0.28031;51.38065;0;;
15010;DPS702;SN55HKE;2015/02/19 18:11:44;20150213;44105;653731;336;3;72;842;10;-0.22322;51.50314;0;;
15011;MCL6;BD11LWT;2015/02/19 18:11:36;20150213;71143;334103;82;3;203;OC710;80;-0.50890;51.43259;0;;
15556;LT83;LTZ1083;2015/02/19 18:11:45;20150213;60056;818256;197;3;9;11195;-2860;-0.20329;51.49748;0;;
14476;LT91;LTZ1091;2015/02/19 18:11:57;20150213;60061;831335;207;3;9;126;-1190;-0.19904;51.49890;0;;
15280;SP32;YN08DHY;2015/02/19 18:12:04;20150213;71042;1146580;165;3;111;33203;-230;-0.37859;51.43141;0;;
15285;SP37;YN08MRY;2015/02/19 18:10:05;20150213;60476;1129681;220;3;E3;15354;-230;-0.31770;51.50372;0;;
15832;SP112;YR59FYT;2015/02/19 18:11:19;20150213;91066;693023;200;3;65;BP1085;730;-0.30158;51.41080;0;;
15839;SP119;YR59FZA;2015/02/19 18:11:59;20150213;91039;699232;176;3;71;1420;250;-0.30583;51.39254;0;;
14738;LT157;LTZ1157;2015/02/19 18:12:04;20150213;60093;839437;186;3;10;33630;-60;-0.14575;51.51480;0;;
14478;TA229;LG02FAA;2015/02/19 18:11:49;20150213;91255;394173;151;3;391;9283;-220;-0.28792;51.46945;0;;
15838;SP118;YR59FYZ;2015/02/19 18:11:18;20150213;91065;704727;194;3;65;578;-1570;-0.30001;51.44637;0;;
14737;DE94;SN10CAX;2015/02/19 18:12:05;20150213;44272;17984;597;3;272;15379;-1940;-0.26755;51.49171;0;;
15830;SP110;YR59FYP;2015/02/19 18:11:46;20150213;91060;706332;207;3;65;573;-330;-0.30046;51.45084;0;;
14466;TA218;SN51SYX;2015/02/19 18:11:16;20150213;91019;215050;492;3;281;25606;110;-0.32889;51.44825;0;;
14743;DLE5;SN60EBD;2015/02/19 18:12:00;20150213;71273;898746;182;3;H98;16330;-10;-0.41307;51.48040;0;;
15295;ADH6;SN60BYA;2015/02/19 18:11:54;20150213;44380;515485;248;3;94;1062;-1940;-0.20710;51.50667;0;;
15286;SP159;YP59OEU;2015/02/19 18:11:30;20150213;60467;1128337;207;4;E3;20287;0;-0.25255;51.48629;0;;
14469;LT88;LTZ1088;2015/02/19 18:11:54;20150213;60060;820835;205;3;9;126;-1530;-0.19993;51.49866;0;;
15288;SP161;YP59OEW;2015/02/19 18:11:41;20150213;60451;1128178;225;3;E3;15364;70;-0.28143;51.50243;0;;
14748;DE97;SN10CBU;2015/02/19 18:11:47;20150213;44257;670653;121;3;C1;11195;-4000;-0.20284;51.49772;0;;
15292;ADH3;SN60BXX;2015/02/19 18:11:53;20150213;44351;477427;296;3;94;37630;2340;-0.13276;51.50808;0;;
14741;ADE8;YX12FNO;2015/02/19 18:11:41;20150213;71308;617456;179;3;222;17144;120;-0.43345;51.48076;0;;
15021;DPS706;SN55HKJ;2015/02/19 18:11:59;20150213;44116;614328;342;3;72;29576;-100;-0.22568;51.49206;0;;
14475;LT90;LTZ1090;2015/02/19 18:11:54;20150213;60087;843250;174;3;10;14640;-1160;-0.19545;51.50007;0;;
15836;SP116;YR59FYX;2015/02/19 18:11:09;20150213;91055;706182;216;3;65;6169;-2147483645;-0.30494;51.48453;0;;
15828;SP108;YT59DYY;2015/02/19 18:11:57;20150213;91058;706244;201;3;65;15046;-610;-0.28904;51.48029;0;;
15291;SP164;YP59OEZ;2015/02/19 18:11:38;20150213;91056;693113;197;3;65;15040;-1230;-0.28725;51.48594;0;;
15012;LT86;LTZ1086;2015/02/19 18:12:01;20150213;60045;822833;224;2;9;35730;-320;-0.12672;51.50796;0;;
14473;TA223;SN51SZE;2015/02/19 18:11:53;20150213;49212;1044923;192;3;57;12755;-710;-0.13299;51.44825;0;;
14750;MCL1;BD11LWN;2015/02/19 18:11:15;20150213;71142;339540;80;3;203;29474;-60;-0.47308;51.45544;0;;
14744;DLE6;SN60EBF;2015/02/19 18:11:54;20150213;71277;897947;177;3;H98;BP1461;-290;-0.43949;51.52587;0;;
14739;LT169;LTZ1169;2015/02/19 18:11:13;20150213;60092;863024;184;3;10;169;-200;-0.15515;51.51374;0;;
14751;DLE8;SN60EBJ;2015/02/19 18:11:42;20150213;71284;895528;174;2;H98;33528;0;-0.35464;51.47110;0;;
15829;SP109;YR59FYO;2015/02/19 18:11:24;20150213;-2147483645;-2147483645;-2147483645;7;65;BP492;-2147483645;-0.35061;51.43506;0;;
15565;TA286;LG02FEK;2015/02/19 18:11:21;20150213;49211;1066287;182;3;57;17618;-230;-0.19948;51.41916;0;;
15283;SP35;YN08MRV;2015/02/19 18:11:46;20150213;71059;1147116;164;3;111;15581;-160;-0.36247;51.46721;0;;
15020;DPS705;SN55HKH;2015/02/19 18:11:58;20150213;44486;303844;100;3;419;BP3191;-100;-0.24113;51.48535;0;;
15293;ADH4;SN60BXY;2015/02/19 18:12:02;20150213;44361;467234;258;3;94;1644;-1440;-0.16657;51.51256;0;;
15016;OT1;YJ11EHG;2015/02/19 18:11:51;20150213;71210;402247;234;3;H37;36782;0;-0.30695;51.45744;0;;
14471;TA221;SN51SZC;2015/02/19 18:12:03;20150213;49217;1067092;171;3;57;36915;-1260;-0.12717;51.43777;0;;
14470;TA220;SN51SYZ;2015/02/19 18:11:35;20150213;49208;1041412;197;3;57;R0705;440;-0.29979;51.41033;0;;
15284;SP36;YN08MRX;2015/02/19 18:11:36;20150213;-2147483645;-2147483645;-2147483645;7;E3;20287;-2147483645;-0.25008;51.49418;0;;
14472;TA222;SN51SZD;2015/02/19 18:11:58;20150213;49160;241623;178;3;131;9151;-1130;-0.23598;51.40432;0;;
14746;LT165;LTZ1165;2015/02/19 18:12:04;20150213;60078;842833;181;3;10;15783;-710;-0.13769;51.51574;0;;
14474;TA224;SN51SZT;2015/02/19 18:11:57;20150213;49218;1065125;176;3;57;LG65;-1470;-0.20710;51.42116;0;;
15826;SP106;YT59DXZ;2015/02/19 18:11:32;20150213;91002;208985;473;3;281;15875;-440;-0.36001;51.45602;0;;
15289;SP162;YP59OEX;2015/02/19 18:11:18;20150213;60478;1130492;219;3;E3;2037;-840;-0.27628;51.50808;0;;
15568;DPS726;SN55DVV;2015/02/19 18:11:17;20150213;71283;898716;189;3;H98;33528;-2147483645;-0.36001;51.47605;0;;
14755;DE98;SN10CBV;2015/02/19 18:11:48;20150213;44278;17595;600;3;272;R0243;-390;-0.22434;51.50914;0;;
15576;ADE61;YX62BLZ;2015/02/19 18:11:22;20150213;116165;141986;182;3;220;3224;-1180;-0.24381;51.53541;0;;
14492;TA239;LG02FBD;2015/02/19 18:11:23;20150213;116159;194131;197;3;220;8880;-750;-0.21560;51.47664;0;;
14763;LT144;LTZ1144;2015/02/19 18:11:51;20150213;44220;879013;175;3;148;837;-1370;-0.21583;51.50431;0;;
14483;DPS586;SN51TDX;2015/02/19 18:11:50;20150213;39092;988431;149;3;H9;16124;-220;-0.30717;51.58711;0;;
15030;SP24;YN08DHK;2015/02/19 18:11:21;20150213;71082;150038;149;3;H32;19033;-60;-0.37971;51.50420;0;;
14490;DPS588;SN51TCJ;2015/02/19 18:11:25;20150213;44106;607855;344;3;72;BP5497;40;-0.22859;51.48971;0;;
15305;DE37;YX09HKF;2015/02/19 18:11:37;20150213;44271;17989;595;3;272;2721;-1350;-0.24919;51.51480;0;;
14493;TA240;LG02FBE;2015/02/19 18:11:31;20150213;49219;1067144;186;3;57;25632;60;-0.17709;51.41928;0;;
15844;ADE71;YX62BUE;2015/02/19 18:11:19;20150213;116173;189228;209;3;220;34124;-110;-0.22501;51.51232;0;;
15579;DE128;YX60BZJ;2015/02/19 18:11:49;20150213;91202;685616;166;2;33;20683;-50;-0.34703;51.43494;168;;
15307;DE39;YX09HKH;2015/02/19 18:11:46;20150213;44124;629349;343;3;72;11568;-1360;-0.22769;51.51680;0;;
15841;ADE68;YX62BPU;2015/02/19 18:11:59;20150213;116163;194195;211;3;220;3223;-520;-0.24180;51.53399;0;;
15842;ADE69;YX62BPZ;2015/02/19 18:11:57;20150213;116162;194189;207;3;220;8903;-390;-0.22456;51.50808;0;;
14766;ADE15;YX12FNW;2015/02/19 18:11:51;20150213;71108;889203;155;3;120;33016;-230;-0.38889;51.53729;0;;
14754;LT142;LTZ1142;2015/02/19 18:12:04;20150213;44222;871715;179;3;148;1062;-710;-0.20665;51.50679;0;;
15028;SP22;YN08DHG;2015/02/19 18:11:25;20150213;15366;218477;83;3;482;16202;-70;-0.38509;51.47534;0;;
15303;DE35;YX09HKD;2015/02/19 18:11:34;20150213;44120;631344;327;3;72;15240;-980;-0.23732;51.47263;0;;
14760;ADE13;YX12FNU;2015/02/19 18:11:57;20150213;71264;915116;129;3;81;BP538;-250;-0.53845;51.49006;0;;
15571;ADE60;YX62BKO;2015/02/19 18:11:51;20150213;116154;194011;189;3;220;8876;-2200;-0.21224;51.47310;0;;
15845;ADE72;YX62BVN;2015/02/19 18:11:48;20150213;116169;143341;194;3;220;8875;-1540;-0.21426;51.47499;0;;
15301;DE33;YX09HKB;2015/02/19 18:12:01;20150213;44255;670055;141;3;C1;37398;-330;-0.15627;51.49301;0;;
15309;DE41;YX09HKK;2015/02/19 18:11:37;20150213;44104;601068;332;3;72;HF020;-390;-0.22389;51.50372;0;;
15032;DPS708;SN55HKL;2015/02/19 18:11:41;20150213;15404;607139;119;3;116;6210;-40;-0.37165;51.46674;0;;
14758;ADE11;YX12FNS;2015/02/19 18:11:47;20150213;71279;877550;181;3;H98;R0238;-390;-0.42852;51.49407;0;;
15033;DE1;YX58DVA;2015/02/19 18:11:54;20150213;15455;1243261;155;3;285;BP3822;-100;-0.36046;51.42234;0;;
15037;DE5;YX58DUG;2015/02/19 18:11:13;20150213;-2147483645;-2147483645;-2147483645;7;285;WK;-2147483645;-0.39874;51.46344;0;;
15034;DE2;YX58DVB;2015/02/19 18:11:45;20150213;15460;1242532;150;3;285;27367;-40;-0.32464;51.42858;0;;
14764;DE100;SN10CBY;2015/02/19 18:11:47;20150213;44253;669998;135;3;C1;29941;-280;-0.19926;51.49206;0;;
15031;DPS707;SN55HKK;2015/02/19 18:11:38;20150213;15402;609982;122;3;116;BP929;-380;-0.36471;51.46698;0;;
15577;DPS651;LG02FFV;2015/02/19 18:11:44;20150213;49428;291620;119;3;265;15245;260;-0.24381;51.45273;0;;
14488;TA237;LG02FBB;2015/02/19 18:11:34;20150213;49206;1040926;170;2;57;BP386;-220;-0.29979;51.41044;0;;
15035;DE3;YX58DVC;2015/02/19 18:12:02;20150213;15461;1242553;154;3;285;R0273;50;-0.37501;51.43471;0;;
14759;ADE12;YX12FNT;2015/02/19 18:11:51;20150213;71316;619205;180;3;222;13551;-1030;-0.43389;51.48064;0;;
15311;DE43;YX09HKM;2015/02/19 18:11:49;20150213;44128;669064;316;3;72;11573;-1390;-0.24628;51.51527;0;;
15308;DE40;YX09HKJ;2015/02/19 18:11:35;20150213;44276;17604;596;3;272;BP5167;-1410;-0.24381;51.51550;0;;
14480;TA231;LG02FAJ;2015/02/19 18:11:15;20150213;44354;481429;242;3;94;6213;-2040;-0.23150;51.50149;0;;
15306;DE38;YX09HKG;2015/02/19 18:11:13;20150213;44125;631279;347;3;72;26503;-1190;-0.24941;51.51527;0;;
15582;LT85;LTZ1085;2015/02/19 18:11:24;20150213;60044;822809;221;3;9;35730;-570;-0.12896;51.50773;0;;
15300;DE32;YX09HKA;2015/02/19 18:11:59;20150213;44109;655714;325;2;72;33739;-350;-0.24023;51.44448;0;;
15026;SP20;YN08DHE;2015/02/19 18:11:56;20150213;15367;224504;81;3;482;BP4168;130;-0.46031;51.45897;0;;
14753;LT141;LTZ1141;2015/02/19 18:12:01;20150213;44202;880203;189;3;148;29629;660;-0.15829;51.51185;0;;
15572;DPS648;LG02FFS;2015/02/19 18:11:27;20150213;-2147483645;-2147483645;-2147483645;7;265;20797;-2147483645;-0.21359;51.46627;0;;
15581;LT93;LTZ1093;2015/02/19 18:12:01;20150213;60057;830797;199;3;9;126;-2520;-0.20284;51.49772;0;;
15036;DE4;YX58DVF;2015/02/19 18:12:05;20150213;15459;1242236;148;3;285;R0872;10;-0.30180;51.41362;0;;
15298;ADH9;SN60BYD;2015/02/19 18:12:03;20150213;44360;523394;256;3;94;690;-1240;-0.18874;51.51008;0;;
14489;DPS587;SN51TBO;2015/02/19 18:11:41;20150213;44481;297579;93;2;419;BP5008;-280;-0.22277;51.49277;0;;
15027;SP21;YN08DHF;2015/02/19 18:11:47;20150213;-2147483645;-2147483645;-2147483645;6;116;BP1363;-2147483645;-0.39919;51.46333;0;;
15299;ADH10;SN60BYF;2015/02/19 18:11:59;20150213;44368;471660;274;3;94;37630;-710;-0.13254;51.50820;0;;
15580;SP201;YR10FGJ;2015/02/19 18:08:05;20150213;-2147483645;-2147483645;-2147483645;7;H91;35737;-2147483645;-0.39874;51.46356;0;;
15304;DE36;YX09HKE;2015/02/19 18:11:57;20150213;44113;657951;341;3;72;986;420;-0.23754;51.47887;0;;
14767;LT154;LTZ1154;2015/02/19 18:11:22;20150213;60076;843185;177;3;10;36512;-530;-0.13030;51.52822;0;;
15310;DE42;YX09HKL;2015/02/19 18:11:45;20150213;44112;656920;337;3;72;15240;280;-0.23732;51.47028;0;;
14757;LT161;LTZ1161;2015/02/19 18:11:19;20150213;60089;853388;178;3;10;120;-280;-0.18896;51.50231;0;;
14756;DE99;SN10CBX;2015/02/19 18:11:14;20150213;44127;668883;340;3;72;BP5497;-420;-0.22859;51.48983;0;;
15846;ADE73;YX62BWO;2015/02/19 18:11:38;20150213;116168;142215;190;3;220;HF020;-810;-0.22389;51.50396;0;;
15575;ADH13;SN60BYJ;2015/02/19 18:11:43;20150213;44358;523360;252;3;94;1062;-1420;-0.20598;51.50702;0;;
15574;DPS650;LG02FFU;2015/02/19 18:11:46;20150213;49424;289553;130;3;265;BP1645;790;-0.28792;51.38347;0;;
15840;ADE67;YX62BPO;2015/02/19 18:11:08;20150213;116151;142315;198;3;220;400;-280;-0.22075;51.48653;0;;
15573;DPS649;LG02FFT;2015/02/19 18:11:34;20150213;49429;304513;118;3;265;1031;-1110;-0.23284;51.46910;0;;
15029;SP23;YN08DHJ;2015/02/19 18:11:46;20150213;71060;1148057;151;3;111;BP1186;-1170;-0.40434;51.48500;0;;
14765;ADE14;YX12FNV;2015/02/19 18:11:21;20150213;71303;614640;190;3;222;BP2173;0;-0.36203;51.46745;0;;
15296;ADH7;SN60BYB;2015/02/19 18:11:42;20150213;44362;467259;262;3;94;180;-990;-0.15717;51.51350;0;;
14762;LT143;LTZ1143;2015/02/19 18:11:44;20150213;44224;880220;183;3;148;1265;-100;-0.19478;51.50926;0;;
15024;SP18;YN08DHC;2015/02/19 18:11:28;20150213;15362;283477;80;3;482;25980;-240;-0.40658;51.47181;0;;
15570;ADH12;SN60BYH;2015/02/19 18:11:58;20150213;44356;522205;246;3;94;684;-1360;-0.23777;51.49996;0;;
15054;ADH1;SN58EOR;2015/02/19 18:11:45;20150213;60013;1158532;203;3;27;R0209;-990;-0.27023;51.49289;0;;
15041;DE9;YX58DVL;2015/02/19 18:11:41;20150213;15464;1241827;160;3;285;35287;30;-0.42360;51.46686;0;;
15044;DE12;YX58DVO;2015/02/19 18:11:54;20150213;15452;1241874;149;3;285;17126;-470;-0.41285;51.46015;0;;
14510;LT80;LTZ1080;2015/02/19 18:11:50;20150213;60059;830830;203;3;9;126;-1870;-0.20038;51.49854;0;;
14504;DPS592;SN51TCK;2015/02/19 18:11:40;20150213;44482;303505;95;3;419;R0651;-620;-0.26866;51.46945;0;;
15313;DE45;YX09HKO;2015/02/19 18:11:52;20150213;44261;668495;127;3;C1;126;-2290;-0.20060;51.49842;0;;
14507;TA249;LG02FBX;2015/02/19 18:09:50;20150213;-2147483645;-2147483645;-2147483645;7;H91;WK GR S;-2147483645;-0.39897;51.46356;0;;
15316;DE48;YX09HKU;2015/02/19 18:12:00;20150213;44107;651208;348;3;72;15241;-10;-0.23889;51.47499;0;;
15319;SP90;YT59SFO;2015/02/19 18:12:03;20150213;91186;691833;166;3;371;R0277;-160;-0.29352;51.41068;0;;
14497;DPS590;SN51TDZ;2015/02/19 18:11:55;20150213;44115;657994;338;2;72;679;-30;-0.22389;51.49336;0;;
14500;TA245;LG02FBN;2015/02/19 18:11:33;20150213;91254;393879;143;3;391;20412;-550;-0.22657;51.49383;0;;
15312;DE44;YX09HKN;2015/02/19 18:11:59;20150213;44265;673952;139;3;C1;899;-770;-0.15806;51.49442;0;;
14508;TA250;LG02FBY;2015/02/19 18:11:30;20150213;15389;1147764;143;3;H91;29966;-490;-0.22456;51.49312;0;;
14502;LT147;LTZ1147;2015/02/19 18:11:07;20150213;44206;880782;197;3;148;658;0;-0.09448;51.48194;0;;
14498;TA243;LG02FBK;2015/02/19 18:11:39;20150213;91103;885601;144;2;267;R0879;-170;-0.22389;51.49230;0;;
14509;LT94;LTZ1094;2015/02/19 18:11:35;20150213;60042;821655;217;3;9;107;-210;-0.16165;51.50160;0;;
14780;DE110;YX60CAE;2015/02/19 18:11:35;20150213;91208;684517;178;3;33;15202;-80;-0.27717;51.46439;0;;
15322;SP93;YT59SFX;2015/02/19 18:11:24;20150213;91059;706303;203;3;65;15048;-270;-0.29128;51.47605;0;;
14501;TA246;LG02FBO;2015/02/19 18:11:28;20150213;-2147483645;-2147483645;-2147483645;7;111;BP5038;-2147483645;-0.39897;51.46309;0;;
15043;DE11;YX58DVN;2015/02/19 18:11:28;20150213;15466;1242923;145;3;285;18208;-430;-0.45270;51.47404;0;;
15326;SP97;YT59SGU;2015/02/19 18:11:09;20150213;91037;695674;172;3;71;19590;-770;-0.30404;51.39537;0;;
15040;DE8;YX58DVK;2015/02/19 18:11:18;20150213;15451;1243215;147;3;285;BP4822;-510;-0.41509;51.47240;0;;
15055;ADH2;SN58EOS;2015/02/19 18:11:44;20150213;60020;1157516;180;3;27;126;-940;-0.19948;51.49878;0;;
15049;DE17;YX58DVV;2015/02/19 18:11:46;20150213;15463;1242871;158;3;285;17131;-310;-0.41666;51.46462;0;;
15051;DE19;YX58DUV;2015/02/19 18:12:01;20150213;15462;1242584;156;3;285;BP2263;-220;-0.40837;51.44896;0;;
14777;LT123;LTZ1123;2015/02/19 18:11:27;20150213;44221;884125;177;3;148;3243;-940;-0.21224;51.50549;0;;
14778;LT146;LTZ1146;2015/02/19 18:11:07;20150213;44218;878805;210;3;148;1268;-470;-0.19769;51.50879;0;;
14769;LT122;LTZ1122;2015/02/19 18:11:34;20150213;44208;874073;190;2;148;256;0;-0.09291;51.47298;0;;
14771;DE101;SN10CCA;2015/02/19 18:11:38;20150213;44259;670917;138;3;C1;35674;-1330;-0.17821;51.49206;20;;
15042;DE10;YX58DVM;2015/02/19 18:11:56;20150213;15465;1242902;162;3;285;18207;10;-0.44442;51.48111;0;;
14511;LT81;LTZ1081;2015/02/19 18:09:18;20150213;60079;866750;183;3;10;34554;-410;-0.14441;51.51491;0;;
15320;SP91;YT59SFU;2015/02/19 18:11:32;20150213;91073;699917;196;3;65;BP5198;-500;-0.30135;51.41798;0;;
15584;SP202;YR10FGK;2015/02/19 18:11:44;20150213;15369;215553;76;2;482;34558;0;-0.37434;51.51008;0;;
14770;LT145;LTZ1145;2015/02/19 18:11:41;20150213;44216;883625;206;3;148;29632;-680;-0.16142;51.51303;0;;
15047;DE15;YX58DVT;2015/02/19 18:11:59;20150213;15457;1243290;159;3;285;BP497;0;-0.31076;51.41256;0;;
15052;DE20;YX58DUY;2015/02/19 18:12:03;20150213;15468;1243297;164;3;285;BP5118;110;-0.45315;51.47145;0;;
15046;DE14;YX58DVR;2015/02/19 18:11:58;20150213;15454;1242169;153;3;285;29499;130;-0.39270;51.44260;0;;
15045;DE13;YX58DVP;2015/02/19 18:11:36;20150213;15458;1242217;161;3;285;BP1121;200;-0.29911;51.41245;0;;
15318;SP89;YT59SFN;2015/02/19 18:11:24;20150213;91021;275707;496;3;281;BP2174;20;-0.36225;51.46733;0;;
15321;SP92;YT59SFV;2015/02/19 18:12:01;20150213;91036;699888;170;3;71;4518;-360;-0.30605;51.36934;0;;
15314;DE46;YX09HKP;2015/02/19 18:11:30;20150213;44251;669847;122;2;C1;0;-1240;-0.22389;51.50290;0;;
15317;DE49;YX09HKV;2015/02/19 18:11:47;20150213;44101;599044;320;3;72;11573;-910;-0.24650;51.51527;0;;
14503;DPS591;SN51TBU;2015/02/19 18:11:16;20150213;91138;1243984;70;3;216;16892;-360;-0.41576;51.40927;0;;
14499;TA244;LG02FBL;2015/02/19 18:11:49;20150213;49204;1068253;189;3;57;BP962;-190;-0.23553;51.41009;0;;
15586;SP178;YT10XCB;2015/02/19 18:11:22;20150213;71052;1148032;170;3;111;29323;-10;-0.41039;51.48099;0;;
15327;SP98;YT59SGV;2015/02/19 18:11:31;20150213;91068;693052;204;3;65;15717;1050;-0.30202;51.42034;0;;
15050;DE18;YX58DVW;2015/02/19 18:11:39;20150213;15467;1241845;152;3;285;19499;-390;-0.36718;51.43200;0;;
14772;DE102;SN10CCD;2015/02/19 18:12:01;20150213;44258;670694;136;2;C1;BP5458;-430;-0.14597;51.49807;0;;
14779;DE103;SN10CCE;2015/02/19 18:11:49;20150213;44117;615207;346;3;72;4608;140;-0.23150;51.48700;0;;
15315;DE47;YX09HKT;2015/02/19 18:12:04;20150213;44108;607882;352;3;72;15244;-110;-0.24359;51.45343;0;;
14785;DPS681;SN03LDY;2015/02/19 18:11:25;20150213;71133;1135708;75;2;110;BP4199;0;-0.32531;51.47357;0;;
15064;SP60;YT09ZCK;2015/02/19 18:11:31;20150213;91038;699038;174;3;71;1420;-190;-0.30605;51.39242;0;;
14522;DE64;SK07DXO;2015/02/19 18:12:05;20150213;49254;910091;138;3;K2;C17;-3230;-0.30650;51.36781;0;;
14789;ADE16;YX12FNY;2015/02/19 18:12:04;20150213;71319;614566;186;3;222;16333;-290;-0.39270;51.47487;139;;
14523;LT76;LTZ1076;2015/02/19 18:11:43;20150213;60082;844785;189;3;10;76;-1660;-0.21247;51.49454;0;;
15338;DLE26;LK64CZZ;2015/02/19 18:11:12;20150213;39132;722213;71;3;H13;34522;-120;-0.38218;51.59394;0;;
14787;SD58;YY64TXE;2015/02/19 18:11:30;20150213;103051;118443;72;3;S3;OC890;-20;-0.25904;51.38265;0;;
14512;DE57;SK07DXE;2015/02/19 18:11:51;20150213;49251;909143;137;3;K2;23509;-220;-0.28210;51.39078;0;;
14796;DE68;YX11GCV;2015/02/19 18:11:49;20150213;68305;769041;137;3;251;15417;-160;-0.16545;51.62916;0;;
14797;ADE20;YX12FOD;2015/02/19 18:11:53;20150213;71255;911596;125;3;81;17148;-880;-0.48517;51.48146;0;;
14524;DPS655;LG02FFZ;2015/02/19 18:11:13;20150213;39102;995607;147;3;H10;R0842;-120;-0.34188;51.57922;0;;
15058;SP54;YT09BNN;2015/02/19 18:11:16;20150213;-2147483645;-2147483645;-2147483645;7;65;36782;-2147483645;-0.30113;51.44637;0;;
14514;DE59;SK07DXG;2015/02/19 18:12:00;20150213;-2147483645;-2147483645;-2147483645;7;K2;BP1268;-2147483645;-0.28120;51.37982;0;;
14520;DE62;SK07DXL;2015/02/19 18:12:00;20150213;49257;910117;144;3;K2;R0160;-110;-0.29173;51.39596;0;;
14786;DE104;SN10CCF;2015/02/19 18:11:48;20150213;44121;619404;331;2;72;33739;370;-0.24001;51.44472;0;;
14519;DE61;SK07DXJ;2015/02/19 18:12:02;20150213;49425;303401;113;3;265;20798;-2810;-0.21336;51.46651;0;;
15062;SP58;YT09ZCF;2015/02/19 18:11:57;20150213;91032;695642;181;3;71;27358;1020;-0.30426;51.40373;0;;
15061;SP57;YT09ZCE;2015/02/19 18:11:24;20150213;91072;693682;205;3;65;9352;-130;-0.29777;51.46639;0;;
15329;DD14;SL14LND;2015/02/19 18:12:02;20150213;103503;87495;74;3;406;27573;-300;-0.28479;51.38230;0;;
15069;SP65;YT09BJV;2015/02/19 18:12:02;20150213;91040;694127;178;3;71;BP1130;-80;-0.29665;51.41233;0;;
15070;SP66;YT09BJX;2015/02/19 18:11:50;20150213;91004;274838;477;3;281;6390;-580;-0.34703;51.44012;0;;
15331;DD16;SL14LNF;2015/02/19 18:11:24;20150213;103503;87495;74;3;406;BP2804;-920;-0.26396;51.36793;0;;
15332;DD17;SL14LNG;2015/02/19 18:11:30;20150213;103502;86400;70;3;406;BP5000;-1960;-0.30382;51.40126;0;;
14526;DE65;SK07DXP;2015/02/19 18:11:42;20150213;49255;911312;140;3;K2;BP5328;-2200;-0.27852;51.37523;0;;
14515;DE60;SK07DXH;2015/02/19 18:11:52;20150213;49259;911063;133;3;K2;23505;-1240;-0.28098;51.38548;0;;
15068;SP64;YT09ZCU;2015/02/19 18:11:50;20150213;91035;696092;187;3;71;25571;1390;-0.30807;51.36369;168;;
14791;DE66;YX11GCO;2015/02/19 18:12:00;20150213;68306;722188;128;2;251;BP5100;-760;-0.13344;51.61597;0;;
14790;ADE17;YX12FNZ;2015/02/19 18:12:00;20150213;71252;914478;119;2;81;33528;-850;-0.35486;51.47075;0;;
14793;ADE19;YX12FOC;2015/02/19 18:12:05;20150213;71105;896672;154;3;120;R0546;-350;-0.37770;51.49854;0;;
14799;ADE22;YX12FOH;2015/02/19 18:11:38;20150213;71302;614591;188;3;222;16388;70;-0.38442;51.47240;0;;
14517;DLE1;SN60EAX;2015/02/19 18:11:52;20150213;71278;895450;179;3;H98;16310;-220;-0.41934;51.51621;0;;
15056;SP52;YT09BNK;2015/02/19 18:11:55;20150213;91020;208965;494;3;281;15568;70;-0.34725;51.45379;0;;
15333;DD18;SL14LNH;2015/02/19 18:11:50;20150213;103513;87407;76;3;418;BP3432;-240;-0.26665;51.33648;0;;
15071;SP67;YT09BJY;2015/02/19 18:12:03;20150213;91071;693657;195;3;65;15707;-1250;-0.29979;51.48653;0;;
15059;SP55;YT09BJU;2015/02/19 18:11:36;20150213;91022;283001;484;3;281;27356;-200;-0.31210;51.41398;0;;
14513;DE58;SK07DXF;2015/02/19 18:12:05;20150213;49258;909177;131;3;K2;6726;-2560;-0.29867;51.39360;0;;
14521;DE63;SK07DXM;2015/02/19 18:09:54;20150213;-2147483645;-2147483645;-2147483645;7;K2;R0287;-2147483645;-0.28075;51.37499;0;;
15066;SP62;YT09ZCN;2015/02/19 18:11:37;20150213;91074;699908;211;3;65;15716;-210;-0.30180;51.41998;0;;
14516;LT69;LTZ1069;2015/02/19 18:11:23;20150213;60053;830745;240;3;9;34102;-570;-0.15941;51.50196;0;;
15060;SP56;YT09ZCA;2015/02/19 18:11:42;20150213;91041;699254;173;3;71;15735;-1890;-0.30695;51.36640;0;;
15065;SP61;YT09ZCL;2015/02/19 18:11:09;20150213;91015;208944;482;3;281;12900;120;-0.30426;51.40397;0;;
15067;SP63;YT09ZCO;2015/02/19 18:11:50;20150213;91016;214665;486;3;281;27368;10;-0.32105;51.42364;0;;
15328;SP99;YT59SGX;2015/02/19 18:11:46;20150213;91013;211905;478;3;281;27532;-580;-0.30426;51.39360;0;;
15057;SP53;YT09BNL;2015/02/19 18:11:39;20150213;91043;697597;177;2;71;BP1130;440;-0.29867;51.41256;0;;
14795;TA315;SN03DZP;2015/02/19 18:12:01;20150213;49167;239387;185;3;131;TV GR S;-2147483645;-0.25075;51.39902;0;;
14784;DE65;YX11GCK;2015/02/19 18:11:57;20150213;68310;772234;140;3;251;29833;10;-0.27762;51.61196;0;;
14527;DE66;SK07DXR;2015/02/19 18:11:26;20150213;49253;910039;136;3;K2;19589;-2040;-0.30382;51.39808;0;;
14794;DE67;YX11GCU;2015/02/19 18:11:27;20150213;68302;767110;131;3;251;34872;-310;-0.26531;51.60172;0;;
14798;ADE21;YX12FOF;2015/02/19 18:11:24;20150213;71305;616050;173;3;222;16335;-300;-0.37165;51.46886;0;;
14788;DE111;YX60CAO;2015/02/19 18:11:41;20150213;91135;1243931;73;3;216;16901;50;-0.43009;51.42081;0;;
15356;SLE44;YN55NKO;2015/02/19 18:12:04;20150213;91264;395044;144;3;391;BP503;-90;-0.22322;51.49195;0;;
14812;DE55;YX59BYG;2015/02/19 18:11:58;20150213;39176;49298;108;3;H17;17244;140;-0.33158;51.55331;0;;
14811;DE54;YX59BYF;2015/02/19 18:11:38;20150213;39146;1043006;151;3;H14;R0841;-110;-0.33449;51.58004;0;;
15085;DE85;YX11FZM;2015/02/19 18:11:32;20150213;39183;938246;47;3;398;BP2705;-220;-0.39651;51.57522;0;;
15351;ADH50;YX62FUT;2015/02/19 18:12:03;20150213;60025;1157938;190;3;27;33283;-280;-0.16971;51.51680;0;;
15080;DE80;YX11FZG;2015/02/19 18:11:39;20150213;39174;49037;106;3;H17;33535;-210;-0.33964;51.56980;0;;
14810;DE53;YX59BYD;2015/02/19 18:11:50;20150213;-2147483645;-2147483645;-2147483645;7;H11;8402;-2147483645;-0.35576;51.58275;0;;
15355;OV59;YJ09EYW;2015/02/19 18:11:57;20150213;116408;85390;100;3;440;BP208;-220;-0.27516;51.53635;0;;
14815;DE115;YX60CBO;2015/02/19 18:11:46;20150213;91218;689903;168;2;33;20683;0;-0.34703;51.43494;0;;
14809;DE112;YX60CAU;2015/02/19 18:11:56;20150213;91183;677251;168;3;371;BP035;10;-0.28904;51.41998;0;;
14538;DPS659;LG02FGE;2015/02/19 18:11:55;20150213;91209;685406;180;3;33;4603;-40;-0.25456;51.46533;0;;
15358;VLE2;PG04WHD;2015/02/19 18:11:55;20150213;49152;239450;181;3;131;9149;-460;-0.23486;51.40832;0;;
14800;LT162;LTZ1162;2015/02/19 18:11:30;20150213;-2147483645;-2147483645;-2147483645;7;9;34323;-2147483645;-0.25008;51.49360;0;;
14530;LT77;LTZ1077;2015/02/19 18:11:24;20150213;60049;814671;232;2;9;20983;80;-0.11664;51.51326;0;;
14808;ADE26;YX12FON;2015/02/19 18:11:38;20150213;71254;910918;123;3;81;4457;-330;-0.39651;51.47581;0;;
14806;ADE24;YX62AEW;2015/02/19 18:12:02;20150213;71106;893093;162;3;120;18221;0;-0.37009;51.54648;0;;
14536;TA318;SN03DZT;2015/02/19 18:11:39;20150213;49210;1041510;193;3;57;19542;-70;-0.29016;51.41186;0;;
14529;DE68;SK07DXT;2015/02/19 18:12:02;20150213;91205;687250;174;3;33;BP5814;110;-0.32956;51.44519;0;;
14539;DPS686;SN03LFA;2015/02/19 18:11:49;20150213;71135;1135839;79;3;110;2841;80;-0.33673;51.44531;0;;
15084;DE84;YX11FZL;2015/02/19 18:11:40;20150213;39172;41033;107;3;H17;33538;0;-0.33740;51.57239;0;;
15352;ADH51;YX62FUU;2015/02/19 18:12:01;20150213;60004;1157970;200;3;27;BP1690;120;-0.15068;51.54153;0;;
15075;DE61;YX11GBV;2015/02/19 18:11:48;20150213;68304;720612;135;3;251;19168;-400;-0.19792;51.63057;0;;
15072;DE58;YX11GBF;2015/02/19 18:11:49;20150213;68311;722539;130;2;251;36805;-100;-0.13411;51.61608;0;;
14542;SDE2;YX08MDV;2015/02/19 18:11:51;20150213;116455;743600;72;3;E11;15797;-160;-0.32531;51.51609;0;;
15083;DE83;YX11FZK;2015/02/19 18:11:49;20150213;39097;988945;145;3;H9;R0370;-520;-0.35106;51.59194;0;;
14537;LT70;LTZ1070;2015/02/19 18:11:55;20150213;60054;818229;242;3;9;3614;-1670;-0.21202;51.49466;0;;
15076;DE62;YX11GBY;2015/02/19 18:11:59;20150213;68312;722547;134;3;251;19171;180;-0.18650;51.63092;0;;
15078;DE78;YX11FZE;2015/02/19 18:11:39;20150213;-2147483645;-2147483645;-2147483645;7;H17;37310;-2147483645;-0.35621;51.58322;0;;
14801;DPS682;SN03LDZ;2015/02/19 18:12:04;20150213;49430;291688;120;3;265;1031;-450;-0.23508;51.46957;0;;
15902;ADH14;SN60BYK;2015/02/19 18:12:04;20150213;44363;516822;264;3;94;180;-780;-0.15694;51.51350;0;;
15077;DE63;YX11GBZ;2015/02/19 18:11:45;20150213;68307;767010;132;3;251;2294;-100;-0.16232;51.62786;0;;
14535;LT175;LTZ1175;2015/02/19 18:11:37;20150213;60080;843227;185;3;10;20591;-2200;-0.19657;51.49972;0;;
15086;DE86;YX11FZN;2015/02/19 18:12:01;20150213;39177;44551;105;3;H17;17245;-140;-0.32195;51.55107;0;;
14533;DE69;SK07DXU;2015/02/19 18:11:26;20150213;91215;688677;185;3;33;15201;-190;-0.26217;51.46509;0;;
14543;SDE3;YX08MDY;2015/02/19 18:11:59;20150213;116451;737609;74;3;E11;BP1635;180;-0.29531;51.50761;0;;
15073;DE59;YX11GBO;2015/02/19 18:11:54;20150213;68192;973548;80;3;324;BP5557;480;-0.21448;51.57463;0;;
14805;ADE23;YX12FOJ;2015/02/19 18:11:37;20150213;71263;915111;138;3;81;4558;-360;-0.40009;51.47664;0;;
14804;DE52;YX59BYC;2015/02/19 18:11:46;20150213;39141;1043752;144;3;H14;26394;-90;-0.35710;51.60384;0;;
14813;DE113;YX60CAV;2015/02/19 18:11:51;20150213;91132;1243598;67;3;216;19569;-1170;-0.30717;51.41127;0;;
15082;DE82;YX11FZJ;2015/02/19 18:11:31;20150213;39111;68056;93;3;H11;14854;-20;-0.42315;51.61126;0;;
15901;SP179;YT10XCC;2015/02/19 18:11:36;20150213;71062;1148044;162;3;111;16224;-20;-0.38845;51.44107;0;;
15081;DE81;YX11FZH;2015/02/19 18:11:41;20150213;39115;16774;91;2;H11;28985;-460;-0.44464;51.61632;0;;
14807;ADE25;YX62AGU;2015/02/19 18:11:46;20150213;71307;616347;177;3;222;20706;100;-0.39897;51.47640;0;;
14531;LT150;LTZ1150;2015/02/19 18:11:46;20150213;60072;863072;190;3;10;33924;860;-0.14306;51.51515;0;;
15087;DE87;YX11FZO;2015/02/19 18:11:56;20150213;39112;63901;95;3;H11;BP2933;-340;-0.36471;51.58146;0;;
15074;DE60;YX11GBU;2015/02/19 18:11:56;20150213;68301;772261;129;3;251;29834;-290;-0.27717;51.61232;0;;
15357;VLE1;PG04WHC;2015/02/19 18:11:26;20150213;49158;240590;183;3;131;9152;-10;-596.52323;-596.52323;0;;
14802;TA316;SN03DZR;2015/02/19 18:11:56;20150213;91260;393485;136;3;391;15041;-770;-0.28680;51.48241;0;;
15079;DE79;YX11FZF;2015/02/19 18:12:03;20150213;39093;988920;151;3;H9;BP893;-120;-0.31904;51.58075;0;;
14814;DE114;YX60CBF;2015/02/19 18:11:50;20150213;91134;1243641;71;3;216;17758;60;-0.38218;51.41386;0;;
14534;TA313;SN03DZK;2015/02/19 18:12:03;20150213;49215;1067071;173;3;57;97;-1370;-0.14217;51.42387;0;;
15353;SLE43;YN55NKM;2015/02/19 18:11:55;20150213;91070;693614;198;3;65;28016;-2200;-0.28814;51.48877;0;;
14826;DE69;YX11GCY;2015/02/19 18:11:45;20150213;68308;771132;136;3;251;15636;-150;-0.24762;51.61444;0;;
15089;DE89;YX11FZR;2015/02/19 18:11:49;20150213;39147;1043795;153;3;H14;34000;70;-0.34613;51.59265;0;;
15091;DE91;YX11FZT;2015/02/19 18:11:55;20150213;39133;722235;73;3;H13;BP4927;290;-0.41889;51.59536;0;;
15362;VLE4;PG04WHF;2015/02/19 18:11:51;20150213;49222;1067184;177;3;57;4837;-1160;-0.16792;51.42811;0;;
15088;DE88;YX11FZP;2015/02/19 18:11:36;20150213;39182;938265;48;3;398;BP5429;320;-0.34635;51.55460;0;;
14550;OCE1;LJ14SZO;2015/02/19 18:11:44;20150213;71282;883978;187;3;H98;BP1364;-500;-0.36449;51.46698;0;;
14554;OCE2;LJ14SZP;2015/02/19 18:11:29;20150213;71280;883954;183;3;H98;3189;-550;-0.40703;51.47876;0;;
15366;VLE5;PG04WHH;2015/02/19 18:12:05;20150213;49162;243033;182;3;131;17616;-1000;-0.20127;51.41951;0;;
15375;DLE19;SN60ECC;2015/02/19 18:11:30;20150213;71274;877380;184;3;H98;16320;90;-0.43524;51.48912;0;;
14559;DPS690;SN03LFF;2015/02/19 18:11:55;20150213;71132;1145238;80;3;110;1778;-110;-0.35352;51.47098;0;;
14544;LT78;LTZ1078;2015/02/19 18:11:41;20150213;60063;831360;211;3;9;118;-800;-0.18560;51.50208;0;;
14551;DPS689;SN03LFE;2015/02/19 18:12:03;20150213;71134;1135798;77;3;110;16192;-90;-0.37300;51.45661;0;;
14828;ADH24;YX62FCM;2015/02/19 18:11:17;20150213;60009;1158103;156;3;27;3614;-1780;-0.21381;51.49418;0;;
15094;DE94;YX11FZW;2015/02/19 18:11:41;20150213;39103;994770;135;2;H10;R0842;-160;-0.33740;51.58004;0;;
15361;VLE3;PG04WHE;2015/02/19 18:11:20;20150213;49170;243904;177;3;131;17617;-460;-0.19724;51.41928;0;;
14821;VH3;BD13OHW;2015/02/19 18:11:51;20150213;68020;700640;176;3;13;29803;10;-0.16053;51.52375;0;;
14825;DPS685;SN03LEU;2015/02/19 18:11:45;20150213;49421;289531;122;3;265;33438;-180;-0.24381;51.45273;0;;
15372;VLE8;PG04WHL;2015/02/19 18:11:27;20150213;49202;1068228;185;3;57;9127;-340;-0.20620;51.42093;0;;
14548;SD59;YY64TXF;2015/02/19 18:11:09;20150213;103053;119887;66;3;S3;OC944;-240;-0.17194;51.35945;0;;
15370;DLE17;SN60EBZ;2015/02/19 18:11:23;20150213;15453;1243238;151;3;285;BP1319;-250;-0.40389;51.44684;0;;
14816;DPS683;SN03LEF;2015/02/19 18:12:03;20150213;49256;909159;127;3;K2;R0287;-2730;-0.27717;51.37617;0;;
14822;DE116;YX60CBU;2015/02/19 18:11:55;20150213;91211;685594;184;3;33;4609;70;-0.23351;51.48500;0;;
14827;ADH23;YX62FAU;2015/02/19 18:11:46;20150213;60024;1157550;188;3;27;33288;-2080;-0.14105;51.53870;0;;
14546;DPS687;SN03LFB;2015/02/19 18:11:24;20150213;71285;884195;176;3;H98;BP1226;-430;-0.36270;51.46733;0;;
14545;LT71;LTZ1071;2015/02/19 18:11:08;20150213;60041;821622;215;3;9;115;-300;-0.17575;51.50160;0;;
15097;DE97;YX11COH;2015/02/19 18:11:44;20150213;39142;1045157;146;3;H14;34005;-220;-0.34120;51.58393;0;;
14823;DE117;YX60CBV;2015/02/19 18:11:39;20150213;91213;687777;179;2;33;BP5007;-400;-0.22299;51.49265;0;;
14818;DE56;YX59BYH;2015/02/19 18:11:24;20150213;-2147483645;-2147483645;-2147483645;7;H17;R0123;-2147483645;-0.35576;51.58287;0;;
15373;SLE47;YN55NKS;2015/02/19 18:11:30;20150213;91111;887369;131;3;267;27567;-1020;-0.33135;51.45108;0;;
15099;DE99;YX11CNJ;2015/02/19 18:11:12;20150213;39143;1045285;148;3;H14;37310;110;-0.33382;51.57957;0;;
15916;SP182;YT10XCF;2015/02/19 18:11:39;20150213;71071;150160;155;3;H32;16388;-60;-0.38464;51.47251;0;;
15102;ADH31;YX62FJD;2015/02/19 18:12:01;20150213;60021;1145359;182;3;27;14640;-580;-0.19478;51.50031;0;;
14824;DPS684;SN03LEJ;2015/02/19 18:11:16;20150213;49423;302951;126;3;265;18698;-310;-0.27695;51.38288;0;;
15374;DLE18;SN60ECA;2015/02/19 18:11:53;20150213;15431;224680;83;2;423;BP5134;-410;-0.48964;51.47322;0;;
15919;ADH16;SN60BYM;2015/02/19 18:11:59;20150213;44359;516802;315;3;94;35904;2830;-0.17553;51.51209;0;;
15093;DE93;YX11FZV;2015/02/19 18:11:34;20150213;39095;988408;141;3;H9;29641;-380;-0.35307;51.56462;0;;
15911;SP181;YT10XCE;2015/02/19 18:11:53;20150213;71048;1142167;158;3;111;16872;60;-0.36359;51.41386;0;;
14552;LT72;LTZ1072;2015/02/19 18:11:59;20150213;60043;822715;219;3;9;BP4565;-710;-0.13702;51.50561;0;;
14830;VH5;BD13OHY;2015/02/19 18:11:19;20150213;68022;708833;180;3;13;29797;650;-0.15829;51.51892;0;;
15103;VE1;PG04WGN;2015/02/19 18:11:43;20150213;68085;1219065;148;3;114;1756;-210;-0.31501;51.58311;0;;
15100;DE57;YX11GBE;2015/02/19 18:11:52;20150213;68303;769012;133;3;251;33504;-40;-0.24963;51.61043;0;;
15368;SLE46;YN55NKR;2015/02/19 18:11:55;20150213;91107;886719;152;3;267;R0244;-1040;-0.33046;51.45732;0;;
14831;DE118;YX60CBY;2015/02/19 18:11:26;20150213;91136;1243947;75;3;216;45;-30;-0.50084;51.43671;0;;
14829;VH4;BD13OHX;2015/02/19 18:11:47;20150213;68014;704155;207;3;13;R0800;10;-0.19433;51.57180;0;;
14558;LT73;LTZ1073;2015/02/19 18:11:48;20150213;60046;812765;225;3;9;7852;-30;-0.12381;51.50938;0;;
15096;DE96;YX11FZZ;2015/02/19 18:11:30;20150213;39113;12793;94;2;H11;R0839;-160;-0.33718;51.58028;0;;
14819;VH1;BD13OHU;2015/02/19 18:11:46;20150213;68008;704060;195;3;13;1588;-710;-0.15471;51.51562;0;;
15369;DLE16;SN60EBX;2015/02/19 18:12:04;20150213;15433;277937;87;3;423;BP3169;50;-0.40098;51.46757;0;;
15101;ADH30;YX62FHO;2015/02/19 18:11:55;20150213;60010;1157066;197;3;27;3614;-920;-0.21471;51.49383;0;;
15095;DE95;YX11FZY;2015/02/19 18:11:35;20150213;39131;722105;69;3;H13;15764;-140;-0.43322;51.58464;0;;
15098;DE98;YX11COJ;2015/02/19 18:11:21;20150213;39116;61118;96;3;H11;34522;-490;-0.38240;51.59394;0;;
15092;DE92;YX11FZU;2015/02/19 18:11:59;20150213;39144;1045628;149;2;H14;BP4388;-290;-0.32419;51.57592;0;;
15363;SLE45;YN55NKP;2015/02/19 18:12:03;20150213;91114;887935;137;3;267;6164;-600;-0.29732;51.48629;0;;
15364;OV60;YJ09EYX;2015/02/19 18:11:46;20150213;116406;85369;96;3;440;36998;-570;-0.27359;51.51868;0;;
14547;SDE5;YX08MFN;2015/02/19 18:11:15;20150213;116453;743045;68;2;E11;0;-1280;-0.35374;51.52763;0;;
14820;VH2;BD13OHV;2015/02/19 18:11:34;20150213;68271;1295664;191;3;183;R0798;500;-0.19433;51.57180;0;;
15090;DE90;YX11FZS;2015/02/19 18:11:43;20150213;39171;49308;110;3;H17;BP4911;190;-0.29777;51.55131;0;;
15109;OP19;YN53SVR;2015/02/19 18:12:04;20150213;103062;88964;77;3;463;BP1370;-300;-0.12739;51.37806;0;;
15389;OV64;YJ09EZB;2015/02/19 18:11:36;20150213;116111;1154036;179;3;283;26194;-2147483645;-0.25075;51.52916;0;;
15112;VE3;PG04WGU;2015/02/19 18:11:41;20150213;68272;1295462;187;3;183;15917;-150;-0.20530;51.57651;0;;
14833;DE120;YX60CCD;2015/02/19 18:12:03;20150213;91207;684347;176;3;33;15210;110;-0.30896;51.45626;0;;
15115;ADE47;YX62BBZ;2015/02/19 18:12:04;20150213;116160;189547;203;3;220;401;110;-0.21986;51.48512;0;;
15380;DLE20;SN60ECD;2015/02/19 18:12:02;20150213;71203;402576;247;3;H37;6200;10;-0.34143;51.47499;0;;
14575;LT74;LTZ1074;2015/02/19 18:11:29;20150213;60055;830766;244;3;9;R0880;-1370;-0.21941;51.49312;0;;
15387;VLE14;PG04WHT;2015/02/19 18:11:49;20150213;49163;238724;184;3;131;18727;-690;-0.19232;51.41739;0;;
15933;ADH22;SN60BYU;2015/02/19 18:11:50;20150213;44357;522231;250;3;94;1062;-1660;-0.20642;51.50690;0;;
14844;SP127;YT59PBO;2015/02/19 18:11:41;20150213;91052;705486;212;3;65;6169;-2147483645;-0.30494;51.48441;0;;
14832;DE119;YX60CCA;2015/02/19 18:11:25;20150213;91217;689756;170;3;33;15904;-180;-0.33382;51.42682;0;;
15383;SLE49;YN55NKU;2015/02/19 18:11:52;20150213;91110;884226;129;3;267;6461;-2320;-0.32777;51.47310;0;;
14835;DPS694;SN03LFK;2015/02/19 18:11:47;20150213;49431;314034;124;3;265;18719;-520;-0.24157;51.40397;0;;
14846;SP129;YT59PBX;2015/02/19 18:11:36;20150213;91069;705527;183;2;65;33853;-2550;-0.30225;51.51562;0;;
15106;SD57;YY64TXD;2015/02/19 18:11:26;20150213;103055;134818;68;3;S3;36521;70;-0.19098;51.36204;0;;
15379;OV61;YJ09EYY;2015/02/19 18:11:54;20150213;116105;1153199;186;3;283;29576;910;-0.22568;51.49206;0;;
15385;OV63;YJ09EZA;2015/02/19 18:11:07;20150213;116114;1152951;173;3;283;BP3191;-1200;-0.23038;51.48818;0;;
14845;SP128;YT59PBV;2015/02/19 18:11:28;20150213;91108;886877;154;3;267;6368;170;-0.32688;51.47452;0;;
14561;SD60;YY64TXG;2015/02/19 18:11:27;20150213;103054;120367;69;3;S3;7592;100;-0.22299;51.37558;0;;
15386;VLE13;PG04WHS;2015/02/19 18:11:41;20150213;49214;1047309;174;3;57;BP387;-260;-0.29598;51.41068;0;;
15117;OP23;YJ09MHK;2015/02/19 18:12:02;20150213;103065;80256;80;3;463;R0097;-230;-0.14530;51.39973;0;;
15376;VLE9;PG04WHM;2015/02/19 18:11:11;20150213;49165;243065;173;3;131;18726;-1200;-0.19232;51.41598;0;;
15118;TLA1;SN53EUF;2015/02/19 18:11:59;20150213;15394;1150785;140;3;H91;R0221;-1550;-0.30717;51.49042;0;;
14843;SP126;YT59PBF;2015/02/19 18:11:48;20150213;91054;693496;191;3;65;BP4852;-1530;-0.30673;51.50349;0;;
14847;SP130;YT59PBY;2015/02/19 18:11:54;20150213;91034;699873;166;3;71;R0127;-1140;-0.30740;51.36333;0;;
15104;VE2;PG04WGP;2015/02/19 18:11:21;20150213;68087;1219082;141;3;114;15264;-820;-0.39494;51.55696;0;;
14836;ADH25;YX62FDD;2015/02/19 18:11:40;20150213;60019;1157495;178;3;27;126;-1340;-0.19971;51.49866;0;;
14842;SP192;YR10FFX;2015/02/19 18:11:43;20150213;15368;224638;79;2;482;BP5134;-400;-0.48964;51.47287;0;;
15390;DLE21;SN60ECE;2015/02/19 18:11:10;20150213;71209;403794;232;3;H37;15215;80;-0.32195;51.45708;0;;
14840;DE108;SN10CCU;2015/02/19 18:11:44;20150213;44123;621278;339;3;72;8901;-1460;-0.22456;51.50690;0;;
14566;LT79;LTZ1079;2015/02/19 18:11:55;20150213;60055;830764;195;3;9;126;-3280;-0.20172;51.49807;0;;
15922;ADH18;SN60BYP;2015/02/19 18:11:59;20150213;44372;475713;283;3;94;153;-1200;-0.15247;51.51397;0;;
15921;SP183;YT10XCG;2015/02/19 18:11:55;20150213;71101;890185;171;3;120;BP5085;800;-0.35441;51.47110;0;;
15920;ADH17;SN60BYO;2015/02/19 18:12:05;20150213;44379;517297;299;3;94;HF020;-2147483645;-0.22232;51.50349;0;;
15931;SP187;YT10XCL;2015/02/19 18:11:22;20150213;71079;167692;154;3;H32;20406;50;-0.37882;51.50514;0;;
14839;DE107;SN10CCO;2015/02/19 18:11:45;20150213;44102;653194;324;3;72;R0243;-1080;-0.22456;51.50938;0;;
14841;SP191;YR10FFW;2015/02/19 18:12:00;20150213;15382;1147791;146;3;H91;27303;-290;-0.27471;51.49230;0;;
15111;TA214;SN51SYT;2015/02/19 18:12:03;20150213;49207;1066056;187;3;57;27398;-470;-0.22545;51.41150;0;;
15110;TA213;SN51SYS;2015/02/19 18:11:58;20150213;91252;393857;139;3;391;687;-1430;-0.21829;51.49324;0;;
14834;DE105;SN10CCJ;2015/02/19 18:12:02;20150213;44103;600393;328;3;72;R0243;-650;-0.22456;51.50796;0;;
14570;OM13;YJ14BFY;2015/02/19 18:11:48;20150213;103309;24272;91;3;S1;19117;-700;-0.17508;51.37287;0;;
15925;ADH20;SN60BYS;2015/02/19 18:11:18;20150213;44367;471635;272;3;94;BP1698;-40;-0.14575;51.51468;0;;
15923;ADH19;SN60BYR;2015/02/19 18:11:28;20150213;44366;471588;270;3;94;170;60;-0.15694;51.51362;0;;
15114;OP20;YN53ZXA;2015/02/19 18:11:45;20150213;103069;80261;75;3;463;BP4599;-520;-0.15224;51.40938;0;;
15377;VLE10;PG04WHN;2015/02/19 18:11:43;20150213;49161;241642;171;3;131;25633;-1080;-0.17038;51.42540;0;;
15378;SLE48;YN55NKT;2015/02/19 18:11:37;20150213;91102;887856;143;3;267;BP1501;-30;-0.23620;51.49301;0;;
15930;SP186;YT10XCK;2015/02/19 18:12:01;20150213;71056;1144514;155;3;111;16277;-710;-0.37188;51.48406;0;;
14837;VH6;BD13OHZ;2015/02/19 18:11:35;20150213;68001;706790;182;3;13;7852;-730;-0.12359;51.50950;0;;
15116;OP21;YN53ZXB;2015/02/19 18:09:40;20150213;-2147483645;-2147483645;-2147483645;7;S1;18608;-2147483645;-0.26195;51.34472;0;;
15928;SP184;YT10XCH;2015/02/19 18:11:52;20150213;71072;150065;157;3;H32;BP1364;-90;-0.36427;51.46698;0;;
14563;SDE1;YX08MFO;2015/02/19 18:11:39;20150213;116452;737642;73;3;E11;15795;-460;-0.32173;51.51644;0;;
15929;SP185;YT10XCJ;2015/02/19 18:12:05;20150213;71083;150194;151;3;H32;15969;-60;-0.39494;51.49784;0;;
15384;OV62;YJ09EYZ;2015/02/19 18:12:03;20150213;116116;1154999;181;3;283;8907;-1040;-0.23083;51.51468;0;;
15107;ADE46;YX62BBO;2015/02/19 18:11:34;20150213;116156;194018;191;3;220;8882;-2010;-0.21650;51.47781;0;;
15121;VE5;PG04WGW;2015/02/19 18:11:45;20150213;68081;1218670;149;3;114;BP5742;-40;-0.32934;51.58099;0;;
15128;VE6;PG04WGX;2015/02/19 18:11:50;20150213;68076;1224190;152;3;114;29080;10;-0.35106;51.57062;0;;
14582;SP25;YN08DHL;2015/02/19 18:12:01;20150213;71078;167626;152;3;H32;15968;-40;-0.39248;51.49842;0;;
15130;TLA5;SN53EUL;2015/02/19 18:11:29;20150213;49156;240477;180;3;131;17618;-1520;-0.19590;51.41940;0;;
14577;ADH29;YX62FHA;2015/02/19 18:11:50;20150213;60007;1157997;189;3;27;3614;-2730;-0.21493;51.49383;0;;
15400;DLE25;SN60ECV;2015/02/19 18:11:31;20150213;91192;677619;173;3;371;29982;-590;-0.30270;51.46238;0;;
15396;VLE17;PG04WHW;2015/02/19 18:11:46;20150213;49154;240398;176;3;131;9150;-1600;-0.23531;51.40668;0;;
15120;SP1;YN56FCA;2015/02/19 18:11:57;20150213;15434;215528;89;3;423;BP1747;70;-0.35979;51.46945;0;;
15122;MCL7;BD11LWU;2015/02/19 18:11:14;20150213;71146;333878;83;3;203;BP1364;-50;-0.36583;51.46792;0;;
15131;TLA6;SN53EUM;2015/02/19 18:11:54;20150213;15393;1150765;151;3;H91;35737;-1010;-0.38531;51.47275;0;;
15134;SP3;YN56FCD;2015/02/19 18:12:04;20150213;15364;283431;74;2;482;34558;0;-0.37434;51.50997;0;;
15401;SLE53;YN55NLA;2015/02/19 18:12:03;20150213;91067;705455;202;3;65;6167;-1550;-0.29307;51.48759;0;;
15407;VLE21;PA04CYC;2015/02/19 18:11:25;20150213;49164;239287;175;3;131;18726;-740;-0.19232;51.41610;0;;
14584;SP27;YN08DHO;2015/02/19 18:11:28;20150213;71081;153127;147;2;H32;34558;0;-0.37524;51.51008;0;;
15125;OP24;YJ09MHL;2015/02/19 18:11:53;20150213;103061;77757;74;2;463;BP5477;-430;-0.13859;51.31563;0;;
15127;SP2;YN56FCC;2015/02/19 18:11:58;20150213;15365;218411;85;3;482;BP2545;-40;-0.38934;51.50031;0;;
15132;OP25;YJ09MHM;2015/02/19 18:11:31;20150213;-2147483645;-2147483645;-2147483645;7;463;36654;-2147483645;-0.15068;51.36062;0;;
14854;DE72;SK07DXX;2015/02/19 18:11:48;20150213;91139;1243998;68;3;216;OC708;1150;-0.50912;51.43270;0;;
14587;SP139;YP59ODV;2015/02/19 18:11:13;20150213;60463;1128158;226;3;E3;15360;300;-0.30426;51.49854;0;;
14583;SP26;YN08DHM;2015/02/19 18:11:42;20150213;44353;519108;301;3;94;HF020;-170;-0.22075;51.50443;0;;
15406;VLE20;PG04WJA;2015/02/19 18:12:05;20150213;49216;1047602;178;3;57;29818;0;-0.25971;51.41645;0;;
14576;LT75;LTZ1075;2015/02/19 18:11:55;20150213;60051;814695;236;3;9;BP3505;120;-0.12202;51.51032;0;;
15124;TLA4;SN53EUK;2015/02/19 18:11:45;20150213;91265;394608;133;3;391;9327;-2360;-0.19724;51.48052;0;;
14588;SP140;YP59ODW;2015/02/19 18:12:04;20150213;60455;1128209;233;3;E3;3072;130;-0.32844;51.50950;0;;
15402;SLE54;YN55NLC;2015/02/19 18:11:53;20150213;91112;887910;133;3;267;27567;-450;-0.33113;51.45120;0;;
14579;DPS693;SN03LFJ;2015/02/19 18:11:17;20150213;91133;1243624;69;3;216;3599;-890;-0.37277;51.41574;0;;
15123;TLA3;SN53EUJ;2015/02/19 18:11:43;20150213;91257;394196;149;3;391;15042;-390;-0.28680;51.48252;0;;
14861;LT151;LTZ1151;2015/02/19 18:11:38;20150213;60044;822805;173;3;9;BP503;-2147483645;-0.25008;51.49395;0;;
14581;SDE4;YX08MDZ;2015/02/19 18:11:41;20150213;116454;743528;70;3;E11;BP3180;-1050;-0.33046;51.52080;0;;
14586;SP138;YP59ODU;2015/02/19 18:11:40;20150213;60465;1128821;232;3;E3;11760;-200;-0.25523;51.49501;0;;
14591;SP143;YP59OEB;2015/02/19 18:11:21;20150213;60457;1129240;210;2;E3;BP095;-330;-0.35419;51.52681;0;;
14853;SP136;YP59ODS;2015/02/19 18:11:56;20150213;60474;1130080;223;3;E3;15364;-330;-0.28053;51.50290;0;;
15394;DLE22;SN60ECF;2015/02/19 18:11:49;20150213;71275;897655;186;3;H98;16312;-150;-0.42001;51.51256;0;;
15948;SP190;YT10XCO;2015/02/19 18:12:04;20150213;71075;175977;146;2;H32;33528;0;-0.35441;51.47075;0;;
14858;VH10;BD13OJE;2015/02/19 18:11:38;20150213;68007;700978;193;3;13;34615;-2160;-0.17553;51.54012;0;;
14860;VH12;BT13YWK;2015/02/19 18:11:37;20150213;68011;704112;201;3;13;33798;-500;-0.17508;51.54412;0;;
15940;SP206;YR10FGP;2015/02/19 18:11:34;20150213;15384;1147980;148;3;H91;6153;-20;-0.25747;51.49254;0;;
15393;SLE51;YN55NKX;2015/02/19 18:12:03;20150213;91057;706191;199;3;65;15042;-950;-0.28702;51.48241;0;;
14857;VH9;BD13OJC;2015/02/19 18:11:30;20150213;68017;700564;170;3;13;4705;280;-0.19724;51.56250;0;;
14851;SP134;YT59PCU;2015/02/19 18:11:56;20150213;60460;1128752;218;3;E3;11785;-280;-0.32710;51.50961;0;;
14856;VH8;BD13OJB;2015/02/19 18:11:44;20150213;68018;705337;172;3;13;91511;-1460;-0.15112;51.51409;0;;
15947;SP189;YT10XCN;2015/02/19 18:11:07;20150213;71080;157240;145;2;H32;34558;0;-0.37568;51.51008;20;;
14859;VH11;BD13OHJ;2015/02/19 18:11:40;20150213;68021;708769;178;3;13;155;-990;-0.13590;51.50985;0;;
14590;SP142;YP59OEA;2015/02/19 18:11:28;20150213;60466;1128836;234;3;E3;15383;-260;-0.26710;51.48735;0;;
15129;DPS709;SN55HKM;2015/02/19 18:11:48;20150213;-2147483645;-2147483645;-2147483645;7;116;WK;-2147483645;-0.39897;51.46380;0;;
14589;SP141;YP59ODX;2015/02/19 18:11:57;20150213;60459;1128386;216;3;E3;14086;-230;-0.33740;51.51574;0;;
14849;SP132;YT59PCF;2015/02/19 18:11:36;20150213;91009;211578;487;3;281;27358;40;-0.30426;51.40361;0;;
15404;LT149;LTZ1149;2015/02/19 18:11:55;20150213;60071;863053;188;3;10;33924;300;-0.14127;51.51527;0;;
15395;DLE23;SN60ECJ;2015/02/19 18:11:35;20150213;71213;405273;237;3;H37;16350;-420;-0.30135;51.46403;0;;
14850;SP133;YT59PCO;2015/02/19 18:11:36;20150213;91017;214680;488;3;281;6428;-250;-0.35038;51.43636;0;;
14855;VH7;BD13OJA;2015/02/19 18:12:00;20150213;68011;704111;158;3;13;R0800;-1550;-0.19456;51.57180;0;;
15403;VLE19;PG04WHZ;2015/02/19 18:11:55;20150213;49157;240514;169;2;131;0;-1400;-0.16702;51.42752;0;;
15405;OV65;YJ09EZC;2015/02/19 18:11:57;20150213;116401;83829;97;3;440;36994;-270;-0.28210;51.51374;0;;
14863;LT152;LTZ1152;2015/02/19 18:11:26;20150213;60091;862869;182;3;10;118;580;-0.18336;51.50160;0;;
15133;OT6;YJ11EHN;2015/02/19 18:11:36;20150213;71215;405348;239;3;H37;1341;-2147483645;-0.35441;51.47145;0;;
15126;OT5;YJ11EHM;2015/02/19 18:11:36;20150213;71204;405213;222;2;H37;BP4948;-450;-0.36247;51.47063;0;;
15411;SLE56;YN55NLE;2015/02/19 18:11:55;20150213;91104;886657;146;3;267;20412;-230;-0.22680;51.49395;0;;
14879;DPS673;LG02FHC;2015/02/19 18:11:45;20150213;15328;244625;127;3;H22;16180;-100;-0.35822;51.43989;0;;
14876;LT148;LTZ1148;2015/02/19 18:11:43;20150213;60083;866983;166;3;10;126;-3160;-0.19971;51.49866;0;;
14871;ADE27;YX12FOP;2015/02/19 18:11:50;20150213;71258;913369;133;3;81;OC473;30;-0.59420;51.51126;0;;
14872;VH13;BT13YWL;2015/02/19 18:11:59;20150213;68019;705386;174;3;13;1436;-50;-0.17351;51.53388;0;;
14593;SP145;YP59OED;2015/02/19 18:11:57;20150213;60470;1129624;213;3;E3;15385;-400;-0.26956;51.48335;0;;
15421;SLE59;YN55NLK;2015/02/19 18:11:39;20150213;91115;888334;139;3;267;6159;-320;-0.28255;51.49112;0;;
15414;DPS669;LG02FGX;2015/02/19 18:11:22;20150213;44485;300571;98;3;419;16246;-70;-0.27896;51.46874;0;;
15139;OT7;YJ11EHO;2015/02/19 18:11:51;20150213;71144;339429;79;3;203;BP1363;-40;-0.47509;51.44413;0;;
14606;HDE5;SN09CHH;2015/02/19 18:11:46;20150213;91184;691426;185;3;371;BP1646;-270;-0.30583;51.40762;0;;
15417;VLE24;PA04CYG;2015/02/19 18:11:43;20150213;-2147483645;-2147483645;-2147483645;7;131;BP386;-2147483645;-0.27158;51.37240;0;;
15138;TLA8;SN53EUP;2015/02/19 18:11:56;20150213;15390;1147068;136;3;H91;1366;-1480;-0.38643;51.47346;0;;
14878;DPS672;LG02FHB;2015/02/19 18:11:45;20150213;91132;1243600;74;3;216;BP1084;-2147483645;-0.29934;51.41245;0;;
14596;SP148;YP59OEG;2015/02/19 18:10:32;20150213;60454;1129214;231;3;E3;3073;60;-0.31971;51.51079;0;;
15146;OP27;YJ09MHO;2015/02/19 18:11:46;20150213;103066;77723;81;3;463;BP4928;-30;-0.15180;51.32034;0;;
14873;DLE9;SN60EBK;2015/02/19 18:11:25;20150213;71215;405348;239;3;H37;15214;-550;-0.31523;51.45438;0;;
15419;OV66;YJ09EZD;2015/02/19 18:11:52;20150213;116402;83820;99;3;440;20818;0;-0.26687;51.50443;0;;
15412;SLE57;YN55NLG;2015/02/19 18:11:21;20150213;91106;887879;150;3;267;6167;-370;-0.29508;51.48700;0;;
15136;SP193;YR10FFY;2015/02/19 18:11:51;20150213;15391;1147087;130;2;H91;WK GR S;-950;-0.39830;51.46321;168;;
15147;ADE48;YX62BCK;2015/02/19 18:11:25;20150213;116175;142190;192;3;220;679;-900;-0.22389;51.49395;0;;
15409;LT120;LTZ1120;2015/02/19 18:08:35;20150213;-2147483645;-2147483645;-2147483645;7;10;R0880;-2147483645;-0.25008;51.49395;0;;
14864;LT153;LTZ1153;2015/02/19 18:11:33;20150213;60090;853415;180;3;10;107;-510;-0.15627;51.50231;0;;
14865;LT121;LTZ1121;2015/02/19 18:12:05;20150213;60052;829433;238;3;9;25145;-600;-0.14530;51.50549;0;;
14869;SDE9;YX08MHM;2015/02/19 18:11:45;20150213;49382;734918;52;3;K4;R0701;20;-0.30247;51.41009;0;;
14595;SP147;YP59OEF;2015/02/19 18:11:51;20150213;60462;1128787;224;3;E3;15359;-30;-0.30807;51.49784;0;;
14605;HDE4;SN09CHG;2015/02/19 18:12:04;20150213;91189;677284;172;3;371;15715;110;-0.30270;51.44389;0;;
15418;SLE58;YN55NLJ;2015/02/19 18:11:23;20150213;91101;885377;141;3;267;133;-10;-0.26620;51.49265;0;;
15408;SLE55;YN55NLD;2015/02/19 18:11:29;20150213;91109;887338;156;3;267;14715;-440;-0.35016;51.43694;0;;
15420;OV50;YJ58PHY;2015/02/19 18:11:38;20150213;116403;83812;101;3;440;BP5483;-190;-0.27964;51.49195;0;;
14877;DPS671;LG02FHA;2015/02/19 18:11:53;20150213;44277;18318;591;2;272;HF020;-1910;-0.22411;51.50372;0;;
15141;VE8;PG04WGZ;2015/02/19 18:11:27;20150213;49166;243127;187;3;131;BP272;-120;-0.29217;51.41092;0;;
15137;TLA7;SN53EUO;2015/02/19 18:11:14;20150213;15387;1147037;149;3;H91;3414;-720;-0.33718;51.48264;0;;
15145;ADH33;YX62FKE;2015/02/19 18:11:54;20150213;60012;1158517;164;3;27;6157;-2780;-0.27202;51.49265;0;;
14866;SDE6;YX08MEU;2015/02/19 18:12:03;20150213;49384;737581;48;3;K4;OC611;-2147483645;-0.31411;51.36510;0;;
14599;SP151;YP59OEK;2015/02/19 18:08:02;20150213;60453;1128193;229;3;E3;3073;-200;-0.31949;51.51079;0;;
14592;SP144;YP59OEC;2015/02/19 18:11:51;20150213;60464;1128803;228;3;E3;15360;570;-0.30292;51.49878;0;;
14601;SP153;YP59OEM;2015/02/19 18:11:29;20150213;60473;1129670;221;3;E3;2037;-490;-0.27628;51.50796;0;;
15151;ADH34;YX62FKK;2015/02/19 18:11:55;20150213;60018;1158581;176;3;27;126;-1770;-0.20172;51.49807;0;;
14604;HDE3;SN09CHF;2015/02/19 18:11:07;20150213;91190;691896;179;3;371;33730;-420;-0.31904;51.43612;0;;
14594;SP146;YP59OEE;2015/02/19 18:12:05;20150213;60456;1128349;208;2;E3;0;-1040;-0.35195;51.52740;0;;
14607;SP154;YP59OEN;2015/02/19 18:12:04;20150213;60452;1129190;227;3;E3;15356;-390;-0.31031;51.49736;0;;
14874;DLE10;SN60EBL;2015/02/19 18:11:12;20150213;15432;278452;85;3;423;BP4822;-250;-0.41778;51.47487;0;;
14875;DLE11;SN60EBM;2015/02/19 18:11:21;20150213;71276;877526;188;3;H98;BP1606;-190;-0.44016;51.52292;0;;
14867;SDE7;YX08MEV;2015/02/19 18:11:13;20150213;49381;735566;50;3;K4;15730;-530;-0.30090;51.38206;0;;
15413;VLE22;PA04CYE;2015/02/19 18:12:00;20150213;49151;238589;179;3;131;17617;-50;-0.19904;51.41916;0;;
14600;SP152;YP59OEL;2015/02/19 18:11:10;20150213;60461;1128772;222;3;E3;15354;50;-0.31770;51.50372;0;;
14870;SDE10;YX08MFK;2015/02/19 18:11:14;20150213;49383;735034;51;3;K4;BP499;-60;-0.30292;51.40797;0;;
15142;SP4;YN56FCE;2015/02/19 18:11:54;20150213;15402;609982;122;3;116;16805;270;-0.40076;51.45920;0;;
14598;SP150;YP59OEJ;2015/02/19 18:11:33;20150213;60477;1130160;214;3;E3;15345;-180;-0.34255;51.52716;0;;
15415;LT124;LTZ1124;2015/02/19 18:11:57;20150213;44212;874149;198;3;148;7867;-330;-0.12403;51.50125;0;;
15410;DPS668;LG02FGV;2015/02/19 18:11:46;20150213;44259;670780;117;3;C1;126;-2147483645;-0.19904;51.49878;0;;
15144;ADH32;YX62FJV;2015/02/19 18:11:34;20150213;60001;1157029;194;3;27;544;-90;-0.14172;51.52410;0;;
15148;VE9;PG04WHA;2015/02/19 18:11:49;20150213;49168;243883;172;2;131;BP386;-1130;-0.30001;51.41056;0;;
15416;VLE23;PA04CYF;2015/02/19 18:12:03;20150213;49227;1047667;188;3;57;25665;-400;-0.14888;51.42022;0;;
15150;DE122;YX60CCF;2015/02/19 18:11:22;20150213;91191;677227;176;3;371;FW54;-60;-0.28859;51.46757;0;;
14597;SP149;YP59OEH;2015/02/19 18:11:31;20150213;60471;1130150;215;3;E3;15374;-970;-0.25635;51.49948;0;;
15163;SP7;YN56FCJ;2015/02/19 18:11:12;20150213;71043;1141943;167;3;111;19577;-720;-0.33829;51.40679;0;;
15428;SLE61;YN55NLM;2015/02/19 18:12:00;20150213;91105;886694;148;3;267;134;-470;-0.26486;51.49254;0;;
15157;DE123;YX60CCJ;2015/02/19 18:11:38;20150213;91194;691439;174;3;371;4506;-140;-0.30135;51.46121;0;;
14895;DPS628;SK02XGX;2015/02/19 18:11:29;20150213;-2147483645;-2147483645;-2147483645;7;H10;R0842;-2147483645;-0.35553;51.58275;0;;
15438;SLE64;YN55NLR;2015/02/19 18:11:45;20150213;91042;695616;175;3;71;23405;-2080;-0.31344;51.35026;0;;
14881;ADE28;YX12GHJ;2015/02/19 18:11:51;20150213;71317;614547;182;3;222;17662;-280;-0.45136;51.48417;0;;
15426;VLE26;PA04CYJ;2015/02/19 18:11:58;20150213;49223;1047624;190;3;57;12813;-50;-0.14463;51.42175;0;;
14621;LT135;LTZ1135;2015/02/19 18:11:19;20150213;44201;872145;187;3;148;4900;-80;-0.15224;51.50255;0;;
14884;DPS680;LG02FHL;2015/02/19 18:11:44;20150213;15321;243982;124;3;H22;16240;-2147483645;-0.34031;51.45932;0;;
15154;LT163;LTZ1163;2015/02/19 18:11:40;20150213;60050;829188;234;2;9;20983;20;-0.11709;51.51315;0;;
15164;DE124;YX60CCK;2015/02/19 18:12:05;20150213;91216;689054;191;3;33;15559;-50;-0.32083;51.45049;0;;
14615;LT129;LTZ1129;2015/02/19 18:11:45;20150213;44225;884134;185;3;148;3237;200;-0.18448;51.51032;0;;
14610;SP157;YP59OES;2015/02/19 18:11:25;20150213;60458;1128363;212;2;E3;BP095;-30;-0.35397;51.52669;0;;
14882;DPS677;LG02FHH;2015/02/19 18:11:12;20150213;15403;606967;117;2;116;33528;40;-0.35486;51.47134;0;;
15425;OV52;YJ58PJO;2015/02/19 18:11:32;20150213;116110;1154001;170;3;283;CW20;-1130;-0.22590;51.51468;0;;
15166;LT160;LTZ1160;2015/02/19 18:11:51;20150213;60084;844863;168;3;10;27497;-2660;-0.19769;51.49925;0;;
15430;OV53;YJ58PJU;2015/02/19 18:11:38;20150213;116108;1150811;180;3;283;679;-140;-0.22389;51.49536;0;;
14616;LT130;LTZ1130;2015/02/19 18:12:05;20150213;44203;880272;191;3;148;BP4490;0;-0.12941;51.49948;0;;
15434;OV54;YJ09EZE;2015/02/19 18:11:46;20150213;116101;1154483;182;3;283;842;690;-0.22366;51.50349;0;;
15161;ADH37;YX62FMG;2015/02/19 18:11:56;20150213;60014;1157086;168;3;27;6157;-1800;-0.27314;51.49254;0;;
15153;LT158;LTZ1158;2015/02/19 18:11:11;20150213;60048;828992;230;2;9;20983;0;-0.11687;51.51326;0;;
15431;SLE62;YN55NLO;2015/02/19 18:11:52;20150213;91113;888325;135;3;267;6174;-1060;-0.30471;51.48370;0;;
15155;VE10;PG04WHB;2015/02/19 18:11:59;20150213;68079;1218652;150;3;114;BP3073;-220;-0.33897;51.58099;0;;
15162;DPS710;SN55HKO;2015/02/19 18:11:32;20150213;15326;248669;125;3;H22;15559;-140;-0.32083;51.45049;0;;
14622;LT136;LTZ1136;2015/02/19 18:11:34;20150213;44223;879043;181;3;148;1269;-350;-0.20150;51.50832;0;;
14889;VH18;BT13YWO;2015/02/19 18:11:48;20150213;68002;706798;184;3;13;34323;-440;-0.11978;51.51103;0;;
14892;VH23;BT13YWV;2015/02/19 18:11:30;20150213;68012;704138;203;3;13;2771;-2147483645;-0.19523;51.57109;0;;
15439;OV55;YJ09EZF;2015/02/19 18:11:34;20150213;116407;85345;98;3;440;37000;-570;-0.26956;51.52810;168;;
14886;VH15;BT13YWJ;2015/02/19 18:12:05;20150213;68003;700810;185;2;13;20983;-570;-0.11642;51.51326;0;;
14894;VH21;BT13YWW;2015/02/19 18:11:47;20150213;68010;704077;199;3;13;1588;70;-0.15560;51.51786;0;;
14890;VH22;BT13YWU;2015/02/19 18:11:27;20150213;68009;707293;197;3;13;1052;-630;-0.15784;51.52304;0;;
14880;DPS674;LG02FHD;2015/02/19 18:11:46;20150213;15329;244016;121;2;H22;BP3087;-760;-0.28949;51.46733;0;;
15435;DPS678;LG02FHJ;2015/02/19 18:11:55;20150213;15401;608391;120;3;116;1679;10;-0.42651;51.45414;0;;
14617;LT131;LTZ1131;2015/02/19 18:11:42;20150213;44210;883393;194;3;148;2609;-90;-0.09515;51.48688;0;;
14618;LT132;LTZ1132;2015/02/19 18:12:00;20150213;44207;873833;188;2;148;256;-310;-0.09224;51.47240;0;;
14885;VH14;BT13YWN;2015/02/19 18:12:03;20150213;68016;704967;168;3;13;2771;110;-0.19523;51.57098;0;;
14893;VH20;BT13YWS;2015/02/19 18:11:34;20150213;68015;704932;166;3;13;33966;-1320;-0.17866;51.54601;0;;
14608;SP155;YP59OEO;2015/02/19 18:11:55;20150213;60469;1130134;238;3;E3;20287;180;-0.25434;51.48229;0;;
15167;ADH38;YX62FMV;2015/02/19 18:12:00;20150213;60005;1157984;187;3;27;35232;-2147483645;-0.17687;51.51503;0;;
14891;VH19;BT13YWR;2015/02/19 18:12:01;20150213;68004;706839;187;3;13;29867;-990;-0.13120;51.50773;0;;
15152;ADH35;YX62FLH;2015/02/19 18:11:07;20150213;60026;1145373;192;3;27;33096;-1190;-0.14150;51.53988;0;;
14614;LT128;LTZ1128;2015/02/19 18:11:33;20150213;44217;878735;208;3;148;1643;-320;-0.16657;51.51244;0;;
15424;OV51;YJ58PHZ;2015/02/19 18:11:46;20150213;116111;1154036;179;3;283;8907;-1550;-0.22904;51.51480;0;;
14612;LT126;LTZ1126;2015/02/19 18:12:01;20150213;44211;875753;196;3;148;33614;-110;-0.10075;51.49395;0;;
14613;LT127;LTZ1127;2015/02/19 18:12:00;20150213;44215;876293;204;3;148;14973;-110;-0.13836;51.49713;0;;
14609;SP156;YP59OER;2015/02/19 18:11:57;20150213;60472;1130056;217;3;E3;15375;-460;-0.25568;51.49678;0;;
14619;LT133;LTZ1133;2015/02/19 18:11:59;20150213;44213;876264;200;3;148;BP5625;-390;-0.12762;51.50090;0;;
14623;LT137;LTZ1137;2015/02/19 18:11:25;20150213;44219;867961;173;3;148;837;-1790;-0.21516;51.50478;0;;
15160;ADH36;YX62FME;2015/02/19 18:11:57;20150213;60015;1157474;172;3;27;126;-2700;-0.20105;51.49831;0;;
14888;VH17;BT13YWP;2015/02/19 18:12:01;20150213;68006;707270;191;3;13;829;-890;-0.14284;51.51515;0;;
15156;SP6;YN56FCG;2015/02/19 18:12:01;20150213;71049;1142931;160;3;111;36561;120;-0.37613;51.42576;0;;
14611;SP158;YP59OET;2015/02/19 18:11:35;20150213;60468;1129264;209;3;E3;15390;-840;-0.25434;51.48229;0;;
15454;OV9;YJ58VBL;2015/02/19 18:11:25;20150213;116104;1154952;168;3;283;11569;-1330;-0.23822;51.51574;0;;
15181;TLA19;SN53KHU;2015/02/19 18:11:55;20150213;44365;468980;268;3;94;156;-1310;-0.13702;51.50985;0;;
14630;DE27;YX09HJV;2015/02/19 18:11:48;20150213;91203;683384;193;3;33;15903;-90;-0.33718;51.43082;0;;
14904;DPS638;SK02XHO;2015/02/19 18:11:35;20150213;39104;994802;137;3;H10;BP4439;90;-0.33158;51.57946;0;;
15180;LT164;LTZ1164;2015/02/19 18:11:41;20150213;60074;866961;173;2;10;18866;-1240;-0.12247;51.53234;0;;
14899;DPS633;SK02XHH;2015/02/19 18:11:46;20150213;39105;994643;139;3;H10;16123;-140;-0.30717;51.58735;0;;
14908;DE72;YX11GDE;2015/02/19 18:11:43;20150213;-2147483645;-2147483645;-2147483645;7;H17;BP4911;-2147483645;-0.35553;51.58299;0;;
15182;TLA20;SN53KHV;2015/02/19 18:11:42;20150213;44355;519880;244;3;94;1062;-2390;-0.21045;51.50584;0;;
14896;DPS629;SK02XHD;2015/02/19 18:11:41;20150213;39094;988249;153;3;H9;R0841;-40;-0.33785;51.57993;0;;
14910;SP38;YP58ACF;2015/02/19 18:11:40;20150213;44352;481413;236;3;94;20072;-2970;-0.22613;51.50243;0;;
15450;OV5;YJ58VBE;2015/02/19 18:11:44;20150213;91267;393747;150;3;391;BP4098;220;-0.19165;51.47652;0;;
15178;DPS713;SN55HKU;2015/02/19 18:11:54;20150213;15322;244499;120;3;H22;25800;-160;-0.34635;51.46592;0;;
14634;DE31;YX09HLA;2015/02/19 18:11:55;20150213;91212;687653;187;3;33;14895;-160;-0.28210;51.46344;0;;
14898;DPS632;SK02XHG;2015/02/19 18:12:02;20150213;39096;988847;143;3;H9;16047;-960;-0.36046;51.58629;0;;
15173;ADE51;YX62BFU;2015/02/19 18:11:39;20150213;116153;194454;187;3;220;8876;-2600;-0.21314;51.47404;0;;
14629;DE26;YX09HJU;2015/02/19 18:11:09;20150213;91131;1243583;72;3;216;19579;-350;-0.34322;51.40609;0;;
15170;SP8;YN56FBA;2015/02/19 18:11:35;20150213;-2147483645;-2147483645;-2147483645;7;111;AV;-2147483645;-0.35486;51.47204;0;;
14638;SDE21;YX60BZD;2015/02/19 18:11:14;20150213;68194;973230;77;3;324;HC198;-170;-0.30941;51.60972;0;;
15444;ADE53;YX62BGF;2015/02/19 18:12:04;20150213;116167;143315;188;3;220;HF020;-1240;-0.22411;51.50420;0;;
15171;SP194;YR10FFZ;2015/02/19 18:12:03;20150213;15383;1144042;147;3;H91;6158;-470;-0.27807;51.49218;0;;
15452;OV7;YJ58VBG;2015/02/19 18:11:39;20150213;116113;1154456;178;3;283;8894;-380;-0.22187;51.50090;0;;
15172;ADE50;YX62BFL;2015/02/19 18:11:49;20150213;116164;194352;213;3;220;1385;-300;-0.24829;51.53529;0;;
14907;DE71;YX11GDA;2015/02/19 18:11:59;20150213;39114;61129;98;3;H11;17198;0;-0.40054;51.60007;0;;
15183;DPS714;SN55HKV;2015/02/19 18:11:24;20150213;15406;602451;118;3;116;16819;-190;-0.46860;51.44413;0;;
14903;DPS637;SK02XHN;2015/02/19 18:11:53;20150213;39091;987339;147;3;H9;BP1393;-340;-0.33203;51.59324;0;;
14901;DPS635;SK02XHL;2015/02/19 18:12:04;20150213;-2147483645;-2147483645;-2147483645;7;H10;R0842;-2147483645;-0.35598;51.58287;0;;
14905;DPS639;SK02XHP;2015/02/19 18:11:20;20150213;39101;993496;145;3;H10;16418;-70;-0.37524;51.56520;0;;
14625;DE22;YX09HJJ;2015/02/19 18:11:32;20150213;15456;1242188;157;3;285;20786;-80;-0.32889;51.42740;0;;
15451;OV6;YJ58VBF;2015/02/19 18:11:54;20150213;91263;393712;142;3;391;BP1332;-2490;-0.18627;51.46816;0;;
14631;DE28;YX09HJY;2015/02/19 18:12:01;20150213;91181;677722;183;3;371;36894;-60;-0.28837;51.41633;0;;
15177;SP9;YN56FBB;2015/02/19 18:11:59;20150213;71102;890248;152;3;120;16278;-230;-0.36337;51.47758;0;;
14637;SDE20;YX60BZC;2015/02/19 18:12:03;20150213;68193;973570;75;3;324;17044;40;-0.25501;51.59147;0;;
14626;DE23;YX09HJK;2015/02/19 18:11:48;20150213;91187;677304;181;3;371;25352;-210;-0.30202;51.42905;0;;
15179;OP29;YJ09MHV;2015/02/19 18:11:16;20150213;103063;79034;76;3;463;BP2139;-120;-0.14844;51.32246;0;;
15446;OV1;YJ58VBA;2015/02/19 18:11:30;20150213;91251;393836;137;3;391;R0880;-2147483645;-0.21471;51.49312;0;;
14902;DPS636;SK02XHM;2015/02/19 18:11:56;20150213;39106;995574;141;3;H10;12885;-410;-0.34546;51.59265;0;;
14628;DE25;YX09HJO;2015/02/19 18:11:34;20150213;91201;683343;189;3;33;4506;-80;-0.30113;51.46121;0;;
15453;OV8;YJ58VBK;2015/02/19 18:11:29;20150213;116106;1153634;183;3;283;8907;-670;-0.22657;51.51586;0;;
14624;SP88;YT59SFK;2015/02/19 18:11:36;20150213;91014;214465;480;3;281;R0872;-990;-0.30561;51.41174;0;;
14909;DE73;YX11GDF;2015/02/19 18:11:49;20150213;39181;937384;46;3;398;20214;140;-0.39606;51.57404;0;;
15445;LT156;LTZ1156;2015/02/19 18:12:02;20150213;60088;853369;176;3;10;27497;-620;-0.19792;51.49913;0;;
15448;OV3;YJ58VBC;2015/02/19 18:11:58;20150213;91253;394648;141;3;391;R0880;-910;-0.22098;51.49301;0;;
15169;DPS711;SN55HKP;2015/02/19 18:11:19;20150213;15405;608059;121;3;116;16813;-310;-0.44845;51.44860;0;;
15176;DPS712;SN55HKT;2015/02/19 18:11:09;20150213;15324;245303;129;3;H22;25807;50;-0.35262;51.45826;0;;
14627;DE24;YX09HJN;2015/02/19 18:11:49;20150213;91214;689104;181;3;33;4608;-220;-0.23105;51.48747;0;;
14911;SP39;YP58ACJ;2015/02/19 18:11:36;20150213;91031;699282;179;3;71;20096;-2147483645;-0.29352;51.36322;0;;
14636;SDE19;YX60BZB;2015/02/19 18:11:57;20150213;68191;970059;78;3;324;35333;-500;-0.22411;51.57380;0;;
15168;ADH39;YX62FNZ;2015/02/19 18:11:47;20150213;60017;1158551;170;3;27;11195;-3040;-0.20307;51.49760;0;;
15440;DE92;YX58DXA;2015/02/19 18:11:38;20150213;44254;670022;137;3;C1;37396;-720;-0.16657;51.49795;0;;
15175;TLA18;SN53KHT;2015/02/19 18:11:40;20150213;44378;517071;289;3;94;153;-370;-0.15224;51.51397;0;;
15199;DPS720;SN55HKZ;2015/02/19 18:11:38;20150213;116404;85300;92;3;440;15645;-620;-0.27023;51.49077;0;;
14651;SLE25;YN55NHY;2015/02/19 18:11:09;20150213;68058;80111;100;3;292;1467;-230;-0.26665;51.59995;0;;
15188;TLA21;SN53KHW;2015/02/19 18:11:59;20150213;44364;468903;266;3;94;170;-650;-0.15314;51.51397;0;;
14925;DE75;YX11FZB;2015/02/19 18:11:52;20150213;39107;995630;143;3;H10;16052;-110;-0.36225;51.58440;0;;
14653;SLE29;YN55NJJ;2015/02/19 18:11:36;20150213;68005;700918;189;3;13;7849;-940;-0.13724;51.50985;0;;
15456;OV11;YJ58VBN;2015/02/19 18:11:26;20150213;116112;1154981;176;3;283;849;-430;-0.23374;51.50643;0;;
15460;OV15;YJ58VBU;2015/02/19 18:12:02;20150213;91258;394231;134;3;391;3164;-1600;-0.28725;51.48888;0;;
14927;DE77;YX11FZD;2015/02/19 18:11:08;20150213;39135;722131;72;3;H13;27860;-110;-0.41531;51.57321;0;;
15187;ADH41;YX62FPC;2015/02/19 18:11:58;20150213;60022;1156920;184;3;27;126;-50;-0.19904;51.49890;0;;
14655;SLE35;YN55NKD;2015/02/19 18:11:47;20150213;68082;1224095;147;3;114;R0842;-280;-0.34255;51.57781;0;;
14923;SP51;YT09BNJ;2015/02/19 18:12:04;20150213;71084;150200;153;3;H32;27891;-230;-0.38128;51.48618;0;;
15457;OV12;YJ58VBO;2015/02/19 18:11:24;20150213;91256;394666;147;3;391;15040;-810;-0.28725;51.48724;0;;
15458;OV13;YJ58VBP;2015/02/19 18:11:28;20150213;91261;394266;138;3;391;133;-780;-0.26755;51.49277;0;;
15461;OV16;YJ58VBV;2015/02/19 18:12:05;20150213;91266;394628;145;3;391;3163;-1310;-0.28367;51.49089;0;;
15198;SP12;YN56FBV;2015/02/19 18:11:56;20150213;71061;1148037;171;3;111;BP1122;-410;-0.29934;51.41245;0;;
14650;SLE24;YN55NHX;2015/02/19 18:11:47;20150213;68055;80037;94;3;292;OC173;-150;-0.27673;51.65519;0;;
14916;SP44;YT09BMY;2015/02/19 18:11:35;20150213;71055;1144495;153;3;111;27906;-680;-0.39874;51.48512;0;;
15197;DPS717;SN55HKY;2015/02/19 18:11:51;20150213;15331;245741;126;3;H22;36782;-20;-0.30605;51.45932;0;;
14922;SP50;YT09BNF;2015/02/19 18:11:43;20150213;71312;618277;187;3;222;12181;200;-0.48181;51.52987;0;;
15189;TLA22;SN53KHX;2015/02/19 18:11:50;20150213;44381;481629;260;3;94;91;-930;-0.17530;51.51162;0;;
14920;SP48;YT09BND;2015/02/19 18:11:26;20150213;71074;181725;144;2;H32;33528;80;-0.35441;51.47122;0;;
14926;DE76;YX11FZC;2015/02/19 18:11:45;20150213;39145;1044293;155;3;H14;17090;-40;-0.37815;51.60572;168;;
14648;SLE21;YN55NHT;2015/02/19 18:11:51;20150213;68053;79887;103;3;292;OC195;10;-0.27068;51.65719;0;;
15192;SP195;YR10FGA;2015/02/19 18:11:48;20150213;15386;1145023;141;2;H91;R0874;-1010;-0.22411;51.49230;0;;
14915;SP43;YT09BMU;2015/02/19 18:11:50;20150213;-2147483645;-2147483645;-2147483645;7;111;BP1084;-2147483645;-0.35486;51.47228;0;;
15185;DPS715;SN55HKW;2015/02/19 18:11:54;20150213;15327;247102;123;3;H22;16350;-380;-0.30180;51.46380;0;;
15196;TLA24;SN53KHZ;2015/02/19 18:11:40;20150213;44373;519041;285;3;94;1643;-1250;-0.16277;51.51291;0;;
14641;SDE24;YX60BZG;2015/02/19 18:12:04;20150213;68195;970030;74;2;324;BP137;-60;-0.30314;51.61962;168;;
15190;DPS716;SN55HKX;2015/02/19 18:12:05;20150213;15330;245715;122;3;H22;25813;0;-0.35867;51.44825;0;;
14918;SP46;YT09BNA;2015/02/19 18:11:40;20150213;71054;1144466;149;3;111;17145;-1040;-0.44464;51.48111;0;;
14640;SDE23;YX60BZF;2015/02/19 18:11:51;20150213;68196;973517;76;3;324;14853;-170;-0.27919;51.58476;0;;
14914;SP42;YT09BMO;2015/02/19 18:11:50;20150213;71304;616016;171;2;222;33528;0;-0.35464;51.47110;0;;
15194;ADH43;YX62FPK;2015/02/19 18:12:01;20150213;60008;1157050;191;3;27;721;180;-0.15851;51.52174;0;;
14652;SLE26;YN55NHZ;2015/02/19 18:11:34;20150213;68054;82428;92;2;292;OC183;-330;-0.29016;51.66850;0;;
14924;DE74;YX11FZA;2015/02/19 18:12:02;20150213;39134;722031;70;3;H13;20225;120;-0.40972;51.60007;0;;
15186;ADH40;YX62FOA;2015/02/19 18:12:02;20150213;60003;1145383;198;3;27;11994;-160;-0.14821;51.54259;0;;
14919;SP47;YT09BNB;2015/02/19 18:12:05;20150213;-2147483645;-2147483645;-2147483645;7;110;6402;-2147483645;-0.35464;51.47228;0;;
14913;SP41;YT09BKA;2015/02/19 18:11:29;20150213;71051;1142960;168;3;111;27907;-310;-0.40031;51.48512;0;;
15459;OV14;YJ58VBT;2015/02/19 18:11:57;20150213;91262;394554;153;3;391;29982;-40;-0.30404;51.46085;0;;
15191;SP11;YN56FBU;2015/02/19 18:12:04;20150213;71044;1147133;169;3;111;3565;80;-0.36337;51.41386;0;;
15184;SP10;YN56FBO;2015/02/19 18:11:33;20150213;71045;1147148;152;3;111;19586;-1330;-0.35374;51.41103;0;;
14654;SLE31;YN55NJU;2015/02/19 18:11:35;20150213;68051;82255;99;3;292;OC204;-960;-0.25590;51.63988;0;;
15464;OV19;YJ58VBZ;2015/02/19 18:12:05;20150213;116107;1153665;166;3;283;BP2422;-1320;-0.25098;51.51974;0;;
14912;SP40;YP58ACO;2015/02/19 18:08:16;20150213;-2147483645;-2147483645;-2147483645;7;71;BP1130;-2147483645;-0.28792;51.46639;0;;
14671;SP81;YT59RYG;2015/02/19 18:11:44;20150213;68267;80662;181;3;183;15927;-890;-0.22837;51.58864;0;;
15203;TLA26;SN53KJE;2015/02/19 18:12:00;20150213;44377;517054;277;3;94;829;-1790;-0.14597;51.51468;0;;
14937;OM10;YJ14BFU;2015/02/19 18:11:33;20150213;103310;18809;92;3;S1;18570;40;-0.18381;51.35179;0;;
14669;SP79;YT59RYD;2015/02/19 18:11:17;20150213;68255;1294851;180;3;183;17174;-110;-0.27605;51.58582;0;;
15201;DE126;YX60CCO;2015/02/19 18:11:41;20150213;91185;691475;164;2;371;BP1685;-220;-0.30628;51.40762;0;;
14665;SP75;YT59RXZ;2015/02/19 18:11:42;20150213;68266;1295388;179;3;183;15933;-1110;-0.23374;51.58287;0;;
14667;SP77;YT59RYB;2015/02/19 18:11:54;20150213;68270;80706;189;3;183;R0798;0;-0.19411;51.57168;0;;
14930;OM03;YJ14BFF;2015/02/19 18:07:27;20150213;-2147483645;-2147483645;-2147483645;7;S1;BP5853;-2147483645;-0.26240;51.34484;0;;
14938;OM11;YJ14BFV;2015/02/19 18:11:23;20150213;103311;24251;93;3;S1;H0567;-130;-0.19008;51.37040;0;;
14934;OM07;YJ14BFN;2015/02/19 18:12:01;20150213;103306;18907;96;3;S1;H0579;0;-0.17821;51.38536;0;;
14936;OM09;YJ14BFP;2015/02/19 18:12:02;20150213;103304;18916;98;3;S1;33709;70;-0.16702;51.40043;0;;
15211;DPS722;SN55HLC;2015/02/19 18:12:00;20150213;49422;301777;109;3;265;20103;-2030;-0.24449;51.40974;0;;
14939;OM12;YJ14BFX;2015/02/19 18:11:51;20150213;103305;24289;89;3;S1;17374;-50;-0.16612;51.40326;0;;
15209;TLA27;SN53KJF;2015/02/19 18:11:11;20150213;44375;519078;230;2;94;11349;-2890;-0.26508;51.49642;0;;
15204;DPS721;SN55HLA;2015/02/19 18:11:30;20150213;49426;289575;114;3;265;11139;-2390;-0.22210;51.46804;0;;
15214;ADH45;YX62FSS;2015/02/19 18:11:40;20150213;60013;1158530;166;3;27;1038;-2147483645;-0.25008;51.49371;0;;
15202;TLA25;SN53KJA;2015/02/19 18:11:50;20150213;44376;515172;293;3;94;829;640;-0.14194;51.51491;0;;
14662;SP72;YT59RXW;2015/02/19 18:12:05;20150213;68258;1295098;186;3;183;37312;0;-0.33404;51.58052;0;;
14657;SLE40;YN55NKJ;2015/02/19 18:11:16;20150213;68059;79857;97;2;292;0;0;-0.26486;51.59441;0;;
14663;SP73;YT59RXX;2015/02/19 18:11:55;20150213;68263;80586;173;3;183;16125;-1130;-0.30717;51.58629;0;;
15200;DE125;YX60CCN;2015/02/19 18:11:59;20150213;91204;683438;182;3;33;15239;-130;-0.23911;51.47546;0;;
14929;OM02;YJ14BFE;2015/02/19 18:11:43;20150213;103307;18900;100;3;S1;BP5853;190;-0.17172;51.41504;0;;
14664;SP74;YT59RXY;2015/02/19 18:11:46;20150213;68262;1295157;171;3;183;16128;-1070;-0.32934;51.58087;0;;
14931;OM04;YJ14BFK;2015/02/19 18:11:48;20150213;103302;19048;94;3;S1;OC630;60;-0.19478;51.36993;0;;
14660;SP70;YT59RXU;2015/02/19 18:11:38;20150213;68256;1294870;182;3;183;17179;-150;-0.30314;51.58711;0;;
14668;SP78;YT59RYC;2015/02/19 18:11:11;20150213;68268;1295405;183;3;183;15921;-720;-0.21851;51.58428;0;;
14935;OM08;YJ14BFO;2015/02/19 18:11:54;20150213;103308;18816;90;3;S1;18848;10;-0.19926;51.32329;0;;
14659;SP69;YT59RXS;2015/02/19 18:11:16;20150213;68254;1294836;178;3;183;15081;-360;-0.26464;51.58370;0;;
15756;SP203;YR10FGM;2015/02/19 18:12:00;20150213;15363;218380;78;3;482;34592;-290;-0.39494;51.49477;0;;
15213;DPS718;SN55HSD;2015/02/19 18:11:36;20150213;15325;247320;116;2;H22;BP1993;-820;-0.36650;51.46827;0;;
14666;SP76;YT59RYA;2015/02/19 18:11:47;20150213;-2147483645;-2147483645;-2147483645;7;183;15924;-2147483645;-0.34971;51.58146;0;;
14928;OM01;YJ14BFA;2015/02/19 18:11:13;20150213;103303;24298;97;3;S1;18847;0;-0.19926;51.32329;0;;
14670;SP80;YT59RYF;2015/02/19 18:11:07;20150213;68252;1294810;174;3;183;36793;180;-0.20978;51.58016;0;;
15208;ADH44;YX62FSE;2015/02/19 18:11:41;20150213;60011;1158498;199;3;27;20412;-850;-0.22613;51.49360;0;;
15206;SP196;YR10FGC;2015/02/19 18:11:26;20150213;15381;1145059;144;3;H91;BP2616;-460;-0.29867;51.49124;0;;
15207;DE127;YX60BZH;2015/02/19 18:12:02;20150213;91210;685569;183;3;33;1031;-230;-0.23732;51.47028;0;;
14658;SP68;YT59RXR;2015/02/19 18:11:54;20150213;68264;1295181;175;3;183;15936;-1540;-0.25814;51.58216;0;;
14933;OM06;YJ14BFM;2015/02/19 18:12:03;20150213;103301;24399;95;3;S1;410;-80;-0.18404;51.35403;139;;
15210;TLA28;SN53KJJ;2015/02/19 18:11:54;20150213;44371;475698;282;3;94;1269;2540;-0.20195;51.50820;0;;
15219;SP15;YN56FBZ;2015/02/19 18:12:04;20150213;71058;1146520;159;3;111;BP4824;-260;-0.35509;51.47051;0;;
14958;DE77;SK07DYF;2015/02/19 18:11:27;20150213;116405;85292;94;3;440;BP3365;-560;-0.26911;51.50196;0;;
14674;SP84;YT59RYK;2015/02/19 18:11:58;20150213;68072;1219108;157;3;114;33771;300;-0.24896;51.61349;0;;
15217;TLA30;SN53KJO;2015/02/19 18:11:46;20150213;44369;471685;276;3;94;91;1360;-0.17911;51.51103;0;;
14957;DE76;SK07DYD;2015/02/19 18:12:02;20150213;116109;1153967;172;3;283;C90;-750;-0.22590;51.51256;0;;
15216;TLA29;SN53KJK;2015/02/19 18:11:42;20150213;44374;476245;287;3;94;3234;-1070;-0.16836;51.51232;0;;
15221;SP197;YR10FGD;2015/02/19 18:11:45;20150213;15388;1144349;138;3;H91;1368;-1290;-0.36404;51.47911;0;;
14955;ADE29;YX12GHK;2015/02/19 18:11:47;20150213;71318;629463;184;3;222;3189;-450;-0.40680;51.47864;0;;
14685;VLE34;PO54ACJ;2015/02/19 18:11:34;20150213;68073;1224164;155;3;114;34159;-140;-0.25053;51.60878;0;;
14676;SP86;YT59RYN;2015/02/19 18:11:48;20150213;68257;1294888;184;3;183;1756;10;-0.31568;51.58275;0;;
14959;ADE31;YX12GHO;2015/02/19 18:12:01;20150213;71107;893128;153;3;120;37195;-460;-0.37479;51.54400;0;;
14949;SD55;YY64TXB;2015/02/19 18:11:28;20150213;103057;138872;70;3;S3;BP1036;-200;-0.22434;51.37228;0;;
15229;OP32;YJ11EJC;2015/02/19 18:11:24;20150213;103092;481943;23;3;K5;27391;100;-0.23732;51.40138;0;;
15228;OP31;YJ11EJA;2015/02/19 18:12:02;20150213;103091;481923;22;2;K5;34930;-720;-0.31479;51.43259;0;;
14946;SD54;LJ08RJY;2015/02/19 18:12:04;20150213;103058;138888;73;3;S3;BP626;-50;-0.17284;51.35803;0;;
14945;SD53;PN07KSE;2015/02/19 18:11:07;20150213;-2147483645;-2147483645;-2147483645;7;S3;EB;-2147483645;-0.26217;51.34508;0;;
15220;OV56;YJ09EYT;2015/02/19 18:11:28;20150213;116103;1153170;177;3;283;24994;-1150;-0.22031;51.50372;0;;
15231;OP34;YJ13HJN;2015/02/19 18:11:56;20150213;103031;97679;24;2;404;34421;-60;-0.13926;51.31893;0;;
14950;SD56;YY64TXC;2015/02/19 18:11:13;20150213;103056;138855;71;3;S3;35568;-2147483645;-0.19344;51.35874;0;;
14953;DE74;SK07DXZ;2015/02/19 18:11:50;20150213;44118;615771;350;3;72;15241;250;-0.23911;51.47569;0;;
15230;OP33;YJ11EJD;2015/02/19 18:11:47;20150213;103093;481962;24;3;K5;17720;-830;-0.22881;51.40915;0;;
14681;VLE30;PA04CYS;2015/02/19 18:11:36;20150213;68086;1224137;146;3;114;16122;-570;-0.30919;51.59064;0;;
15223;ADH47;YX62FTF;2015/02/19 18:12:02;20150213;60002;1157957;196;3;27;BP2016;170;-0.13836;51.52540;0;;
14687;VLE36;PO54ACV;2015/02/19 18:11:41;20150213;68261;1295136;169;3;183;4550;-600;-0.37725;51.58935;0;;
14673;SP83;YT59RYJ;2015/02/19 18:11:22;20150213;68253;1295457;176;3;183;15930;40;-0.22904;51.58758;0;;
14672;SP82;YT59RYH;2015/02/19 18:11:57;20150213;68260;1295114;190;3;183;34522;10;-0.38240;51.59406;0;;
15218;DPS719;SN55HSE;2015/02/19 18:11:57;20150213;44274;17557;592;3;272;15378;-1540;-0.26598;51.48924;0;;
15501;ADE54;YX62BHD;2015/02/19 18:11:07;20150213;116172;189787;199;3;220;399;-500;-0.21807;51.48146;0;;
14956;ADE30;YX12GHN;2015/02/19 18:11:49;20150213;71315;630242;178;3;222;17646;-470;-0.47397;51.50997;0;;
14679;VLE28;PA04CYL;2015/02/19 18:11:05;20150213;68074;1221265;151;3;114;29326;-230;-0.30180;51.59488;0;;
15502;ADE55;YX62BHW;2015/02/19 18:11:25;20150213;116161;194182;205;3;220;270;-570;-0.22120;51.50455;0;;
14683;VLE32;PO54ABZ;2015/02/19 18:12:01;20150213;68077;1223591;144;3;114;27971;-110;-0.26620;51.60113;0;;
14684;VLE33;PO54ACF;2015/02/19 18:11:21;20150213;68071;1218625;143;3;114;14362;-550;-0.37210;51.56191;0;;
15226;OV58;YJ09EYV;2015/02/19 18:11:30;20150213;116115;1151100;174;3;283;35052;-2147483645;-0.22434;51.50596;0;;
15224;ADH48;YX62FTP;2015/02/19 18:11:55;20150213;60023;1157529;186;3;27;33284;-1050;-0.17262;51.51692;0;;
14675;SP85;YT59RYM;2015/02/19 18:11:43;20150213;68251;1295435;193;3;183;R0798;970;-0.19433;51.57192;0;;
15227;OP30;YJ09MHX;2015/02/19 18:11:18;20150213;103052;119867;67;3;S3;OC911;-600;-0.23083;51.38076;0;;
